0 0.0 0.0002574920654296875 0.0001533031463623047 0.31075382232666016 0.032065391540527344 0.0002446174621582031 0.18709564208984375 0.3434746265411377
1 0.002744436264038086 0.00020432472229003906 0.00010418891906738281 0.08740043640136719 0.03611874580383301 0.00017070770263671875 0.2860143184661865 0.12674283981323242
2 0.007594585418701172 0.00029540061950683594 8.940696716308594e-05 0.2115921974182129 0.020034074783325195 0.00020074844360351562 0.0968313217163086 0.2398064136505127
3 0.01042485237121582 0.00017523765563964844 0.00021147727966308594 0.9435217380523682 0.04479622840881348 0.00016236305236816406 0.14574694633483887 0.9992918968200684
4 0.01768779754638672 0.0002722740173339844 0.00010347366333007812 0.2708437442779541 0.03199481964111328 0.00018095970153808594 0.18013262748718262 0.32108306884765625
5 0.02130270004272461 0.0004279613494873047 0.0001201629638671875 0.14468622207641602 0.07347702980041504 0.000202178955078125 0.20028352737426758 0.24021625518798828
6 0.02390146255493164 0.007399797439575195 9.441375732421875e-05 0.30762195587158203 0.07181024551391602 0.0002579689025878906 0.25064635276794434 0.411085844039917
7 0.026244640350341797 0.0003521442413330078 0.00011777877807617188 0.2458641529083252 0.06801676750183105 0.0002200603485107422 0.2550241947174072 0.34081554412841797
8 0.02748870849609375 0.00040602684020996094 0.000110626220703125 0.8654747009277344 0.11394023895263672 0.0001842975616455078 0.20165562629699707 1.0076045989990234
9 0.03137063980102539 0.00032067298889160156 6.937980651855469e-05 0.20998167991638184 0.07951593399047852 0.00021219253540039062 0.1878650188446045 0.3214704990386963
10 0.03333163261413574 0.0003440380096435547 0.00010204315185546875 0.35768628120422363 0.08177495002746582 0.00018143653869628906 0.1842823028564453 0.4734203815460205
11 0.036524057388305664 0.0003457069396972656 0.00010180473327636719 0.0656130313873291 0.0814054012298584 0.00017762184143066406 0.2854311466217041 0.18416762351989746
12 0.0384368896484375 0.0003209114074707031 7.343292236328125e-05 1.8826451301574707 0.07792210578918457 0.00017690658569335938 0.3785130977630615 1.9995753765106201
13 0.03988337516784668 0.0004425048828125 0.0001087188720703125 0.43555140495300293 0.20476102828979492 0.00023984909057617188 0.19952940940856934 0.6809868812561035
14 0.04003643989562988 0.008421659469604492 0.00011277198791503906 0.2843973636627197 0.1817035675048828 0.00021982192993164062 0.26552820205688477 0.5148916244506836
15 0.04070782661437988 0.00029158592224121094 0.0001220703125 0.8152041435241699 0.023302793502807617 0.00018906593322753906 0.3312807083129883 0.8798174858093262
16 0.04399371147155762 0.00030422210693359375 6.937980651855469e-05 0.4414026737213135 0.2114419937133789 0.0003001689910888672 0.3926270008087158 0.697512149810791
17 0.04614114761352539 0.0002651214599609375 7.319450378417969e-05 0.8356516361236572 0.06467032432556152 0.00016832351684570312 0.20354151725769043 0.946969747543335
18 0.04830574989318848 0.009526729583740234 0.00010013580322265625 0.2767980098724365 0.12746024131774902 0.0002071857452392578 0.2860987186431885 0.46239805221557617
19 0.048712968826293945 0.0005123615264892578 9.417533874511719e-05 0.33186864852905273 0.18491816520690918 0.00020074844360351562 0.24062347412109375 0.5663070678710938
20 0.050638437271118164 0.00034928321838378906 9.989738464355469e-05 0.34366607666015625 0.0858769416809082 0.00017118453979492188 0.37618327140808105 0.4808018207550049
21 0.05180001258850098 0.00048160552978515625 0.00010991096496582031 0.30405545234680176 0.16816377639770508 0.00019359588623046875 0.26762843132019043 0.5248043537139893
22 0.05252361297607422 0.0005125999450683594 0.00010538101196289062 0.2834146022796631 0.17655658721923828 0.0001926422119140625 0.15863776206970215 0.5133054256439209
23 0.052803993225097656 0.000324249267578125 8.225440979003906e-05 0.5135996341705322 0.13070988655090332 0.000286102294921875 1.0129945278167725 0.6978061199188232
24 0.05515432357788086 0.011503934860229492 0.00012063980102539062 0.2533683776855469 0.171858549118042 0.00021314620971679688 0.37766575813293457 0.4922189712524414
25 0.05535697937011719 0.0003306865692138672 0.00010275840759277344 0.29561829566955566 0.15209054946899414 0.00019359588623046875 0.18109536170959473 0.5036928653717041
26 0.06601476669311523 0.000385284423828125 0.00010418891906738281 0.17233753204345703 0.07752656936645508 0.0002567768096923828 0.20295190811157227 0.31662511825561523
27 0.06657147407531738 0.00035834312438964844 9.417533874511719e-05 0.23321080207824707 0.0811302661895752 0.0001728534698486328 0.5979440212249756 0.38153791427612305
28 0.06665968894958496 0.0003573894500732422 0.00010967254638671875 0.17139744758605957 0.08188509941101074 0.00020503997802734375 0.30333447456359863 0.3206143379211426
29 0.08212661743164062 0.011140584945678711 9.822845458984375e-05 0.20675945281982422 0.16369915008544922 0.00026798248291015625 0.2333822250366211 0.4640920162200928
30 0.4865880012512207 0.016627788543701172 0.00012373924255371094 0.04438209533691406 0.012797117233276367 0.0001709461212158203 0.16869354248046875 0.5606896877288818
31 0.5251598358154297 0.0001766681671142578 0.00010514259338378906 0.11768913269042969 0.04231071472167969 0.0001614093780517578 0.1292264461517334 0.6856029033660889
32 0.5715014934539795 0.0001811981201171875 0.00010943412780761719 0.07306337356567383 2.082259178161621 0.000213623046875 0.23114895820617676 2.727328300476074
33 0.5797593593597412 0.00010061264038085938 6.246566772460938e-05 0.03293442726135254 0.34190988540649414 0.00021314620971679688 0.19223356246948242 0.9549798965454102
34 0.6328823566436768 0.00017547607421875 0.00010395050048828125 0.07389473915100098 0.1172490119934082 0.0003597736358642578 0.16977286338806152 0.8246653079986572
35 0.6566548347473145 0.0001404285430908203 7.200241088867188e-05 0.043145179748535156 0.7280817031860352 0.0002579689025878906 0.1966230869293213 1.4283521175384521
36 0.7067019939422607 0.00010728836059570312 6.508827209472656e-05 0.03579854965209961 1.0055301189422607 0.0003294944763183594 0.24529337882995605 1.7485325336456299
37 0.7300198078155518 8.416175842285156e-05 6.127357482910156e-05 0.04253554344177246 0.03630328178405762 0.00016808509826660156 0.14113450050354004 0.8091721534729004
38 0.7480676174163818 0.00034356117248535156 0.0001163482666015625 0.06472229957580566 1.615917682647705 0.0002639293670654297 0.17406988143920898 2.429431438446045
39 0.789609432220459 0.0001735687255859375 7.486343383789062e-05 0.06377696990966797 0.32523512840270996 0.00020766258239746094 0.4561738967895508 1.1790776252746582
40 0.8012828826904297 0.0001685619354248047 0.00011944770812988281 0.0929098129272461 1.0220973491668701 0.0002205371856689453 0.2534663677215576 1.9167985916137695
41 0.8187296390533447 0.0001823902130126953 9.894371032714844e-05 0.24959182739257812 2.665087938308716 0.00022220611572265625 0.20171070098876953 3.733912944793701
42 0.8241782188415527 0.0001690387725830078 8.153915405273438e-05 0.03775668144226074 2.7238824367523193 0.0002722740173339844 0.20544934272766113 3.5863401889801025
43 0.8598971366882324 0.00016808509826660156 9.799003601074219e-05 0.11560940742492676 1.0430474281311035 0.000209808349609375 0.17679786682128906 2.0190298557281494
44 0.8661091327667236 0.00010895729064941406 7.271766662597656e-05 0.0648183822631836 1.001634120941162 0.00022339820861816406 0.19374632835388184 1.932966709136963
45 0.8753552436828613 0.00016689300537109375 0.00011229515075683594 0.060307979583740234 0.009669780731201172 0.0001575946807861328 0.13873791694641113 0.9457697868347168
46 0.917262077331543 9.584426879882812e-05 6.318092346191406e-05 0.05067324638366699 1.4922735691070557 0.00024080276489257812 0.19256258010864258 2.460608720779419
47 0.9227213859558105 9.632110595703125e-05 6.151199340820312e-05 0.9865636825561523 4.439624547958374 0.00020837783813476562 0.47550249099731445 6.349275827407837
48 0.9362783432006836 0.000125885009765625 7.343292236328125e-05 0.047930002212524414 3.7896618843078613 0.0002465248107910156 0.2048337459564209 4.774316072463989
49 0.965416669845581 0.0001659393310546875 0.00018835067749023438 0.06417036056518555 0.011312484741210938 0.0001747608184814453 0.4344050884246826 1.041428565979004
50 0.9759390354156494 0.00018858909606933594 0.0001277923583984375 0.051624298095703125 1.6564555168151855 0.0002167224884033203 0.18269562721252441 2.684551954269409
51 0.9958498477935791 8.106231689453125e-05 5.936622619628906e-05 0.039465904235839844 1.0398130416870117 0.000217437744140625 0.16971731185913086 2.075486660003662
52 1.0120246410369873 0.00018095970153808594 0.00011515617370605469 0.11443829536437988 0.6891696453094482 0.0002155303955078125 0.4824490547180176 1.8161442279815674
53 1.0331463813781738 0.000148773193359375 6.937980651855469e-05 0.04490518569946289 1.492990493774414 0.00021648406982421875 0.17850971221923828 2.571476697921753
54 1.0909974575042725 0.00010561943054199219 6.365776062011719e-05 0.04697465896606445 0.010826349258422852 0.00016617774963378906 0.15076351165771484 1.1491339206695557
55 1.130631923675537 8.082389831542969e-05 9.322166442871094e-05 0.058907508850097656 0.012429952621459961 0.000152587890625 0.11763620376586914 1.2022960186004639
56 1.1435976028442383 0.00011467933654785156 6.961822509765625e-05 0.0834507942199707 1.0272481441497803 0.00023365020751953125 0.3775055408477783 2.2547144889831543
57 1.2061147689819336 8.416175842285156e-05 4.9114227294921875e-05 0.038527727127075195 1.441612958908081 0.0001800060272216797 0.5016310214996338 2.6865687370300293
58 1.2542545795440674 9.894371032714844e-05 6.29425048828125e-05 0.03009819984436035 0.39514732360839844 0.00021195411682128906 0.15774035453796387 1.6798739433288574
59 1.2773046493530273 0.00018858909606933594 0.00010800361633300781 0.06366443634033203 0.36954474449157715 0.00026345252990722656 0.18477392196655273 1.711073875427246
60 1.3117148876190186 9.393692016601562e-05 6.0558319091796875e-05 1.5045130252838135 0.07410192489624023 0.00021529197692871094 0.19861674308776855 2.890699625015259
61 1.3422675132751465 0.00011801719665527344 0.000118255615234375 0.05348801612854004 1.583280086517334 0.00025153160095214844 0.29845094680786133 2.9795234203338623
62 1.3539178371429443 0.0001926422119140625 0.00010085105895996094 0.1165008544921875 0.02447509765625 0.00016927719116210938 0.16652297973632812 1.495356559753418
63 1.7439227104187012 9.059906005859375e-05 6.341934204101562e-05 0.02864813804626465 0.036676645278930664 0.00016260147094726562 0.2095630168914795 1.8095641136169434
64 1.7598354816436768 0.0001327991485595703 7.200241088867188e-05 0.058283090591430664 0.022264957427978516 0.000194549560546875 0.11904692649841309 1.840782880783081
65 1.8075816631317139 0.0002052783966064453 8.296966552734375e-05 0.09809231758117676 0.008466243743896484 0.0001571178436279297 0.14270877838134766 1.9145855903625488
66 1.8307065963745117 0.00011754035949707031 6.794929504394531e-05 0.017380475997924805 1.4235382080078125 0.0002624988555908203 0.19420981407165527 3.272073268890381
67 1.9943444728851318 0.00016188621520996094 9.942054748535156e-05 0.06443452835083008 0.01920485496520996 0.00016164779663085938 0.1719975471496582 2.078406810760498
68 2.0605406761169434 0.000164031982421875 9.799003601074219e-05 0.06819391250610352 0.020181655883789062 0.00018858909606933594 0.1465296745300293 2.149366855621338
69 2.1242010593414307 0.00011324882507324219 6.985664367675781e-05 0.05392169952392578 0.035561323165893555 0.0001742839813232422 0.16749262809753418 2.2140414714813232
70 2.2433359622955322 0.00014090538024902344 7.724761962890625e-05 0.05824613571166992 0.04671597480773926 0.0002052783966064453 0.15360641479492188 2.348721504211426
71 2.2880849838256836 0.00010967254638671875 6.723403930664062e-05 0.04420137405395508 0.05956697463989258 0.00019478797912597656 0.17971086502075195 2.3922250270843506
72 2.3688385486602783 7.915496826171875e-05 6.031990051269531e-05 0.04444718360900879 0.04767107963562012 0.00015807151794433594 0.23768162727355957 2.461254358291626
73 2.374244451522827 0.00013113021850585938 7.128715515136719e-05 0.07046937942504883 0.05292987823486328 0.00019931793212890625 0.21062445640563965 2.4980454444885254
74 2.431248664855957 0.0001628398895263672 0.00010061264038085938 0.08706021308898926 0.04366588592529297 0.0001728534698486328 0.2215433120727539 2.562411069869995
75 2.4935638904571533 0.00011610984802246094 5.221366882324219e-05 0.01975727081298828 0.4752945899963379 0.0001838207244873047 0.15257620811462402 2.9889678955078125
76 2.7292983531951904 9.202957153320312e-05 6.461143493652344e-05 0.06172990798950195 0.09548807144165039 0.00020933151245117188 0.23207950592041016 2.8868823051452637
77 2.784670829772949 0.0001804828643798828 0.00010323524475097656 0.06673264503479004 0.06175851821899414 0.00019073486328125 0.1381077766418457 2.9136364459991455
78 2.833101749420166 0.00011539459228515625 6.914138793945312e-05 0.7085964679718018 0.09295487403869629 0.00017189979553222656 0.2368772029876709 3.635009527206421
79 2.867224931716919 9.965896606445312e-05 6.699562072753906e-05 0.28255724906921387 0.09903550148010254 0.00020003318786621094 0.22604918479919434 3.2491843700408936
80 2.9979159832000732 8.106231689453125e-05 6.198883056640625e-05 0.05004286766052246 0.07742929458618164 0.0001659393310546875 0.22222208976745605 3.125697135925293
81 3.107285261154175 0.00016617774963378906 0.0001087188720703125 0.08146238327026367 0.1253366470336914 0.00021386146545410156 0.19689226150512695 3.314573049545288
82 3.2384159564971924 0.0001647472381591797 0.00010895729064941406 0.05815315246582031 0.012525081634521484 0.0002014636993408203 0.10782742500305176 3.3095693588256836
83 3.2840278148651123 0.00011873245239257812 7.200241088867188e-05 0.04473257064819336 0.03330183029174805 0.00016498565673828125 0.1986391544342041 3.3624179363250732
84 3.3193776607513428 0.00018715858459472656 0.00012183189392089844 0.9929661750793457 0.09239530563354492 0.0002300739288330078 0.27155041694641113 4.405278205871582
85 3.423513650894165 8.177757263183594e-05 6.079673767089844e-05 0.05129861831665039 0.08606433868408203 0.00016808509826660156 0.18665337562561035 3.561187267303467
86 3.4609580039978027 0.00017547607421875 6.389617919921875e-05 0.043128252029418945 0.01321268081665039 0.00015974044799804688 0.2921440601348877 3.517698049545288
87 3.617506980895996 0.00011038780212402344 6.723403930664062e-05 0.17644929885864258 0.08225131034851074 0.00020885467529296875 0.1915268898010254 3.876594066619873
88 3.924166679382324 0.00016307830810546875 0.00010228157043457031 0.08558773994445801 0.13889646530151367 0.00021386146545410156 0.20632362365722656 4.14913010597229
89 4.017993211746216 9.512901306152344e-05 0.0013189315795898438 0.0411992073059082 0.011694192886352539 0.00013637542724609375 0.20637083053588867 4.072437047958374
90 4.0529797077178955 0.00024127960205078125 0.0001232624053955078 0.09727954864501953 0.14578509330749512 0.00027251243591308594 0.29327845573425293 4.2966814041137695
91 4.19604754447937 0.00010418891906738281 5.555152893066406e-05 0.45221829414367676 0.024811983108520508 0.0001633167266845703 0.44708752632141113 4.67340087890625
92 4.499759197235107 0.00010418891906738281 4.2438507080078125e-05 0.2728736400604248 0.05034136772155762 0.00018167495727539062 0.2570779323577881 4.823302507400513
93 5.091717958450317 0.0001316070556640625 7.200241088867188e-05 0.08225131034851074 0.2517364025115967 0.00020956993103027344 0.17165565490722656 5.426118850708008
94 5.269629001617432 0.00040221214294433594 0.0017409324645996094 0.13004183769226074 0.022886037826538086 0.00019049644470214844 0.3284313678741455 5.424890518188477
95 5.890935182571411 0.00024318695068359375 0.00011968612670898438 0.2790944576263428 0.28244614601135254 0.00021576881408691406 1.3097639083862305 6.453054428100586
96 7.07482123374939 0.00012993812561035156 7.176399230957031e-05 0.06981182098388672 0.2785320281982422 0.0002124309539794922 0.23405766487121582 7.423579216003418
97 8.318996906280518 0.00017380714416503906 0.005173444747924805 0.34061527252197266 0.2530171871185303 0.0002315044403076172 0.46401476860046387 8.918208122253418

