#	started	read_thunk	do_cleanup	get_dependencies	execute	upload_output
0 0 0 42 1281 45 86 1368
1 4 0 48 28 191 82 271
2 19 0 52 99 119 828 289
3 23 1 6 646 60 110 736
4 28 0 32 127 207 223 394
5 29 0 43 576 141 189 789
6 34 0 40 987 52 191 1113
7 35 1 31 20 96 109 183
8 40 1 22 192 154 109 409
9 41 0 1 357 23 473 422
10 41 1 38 318 67 75 465
11 41 0 42 110 148 83 341
12 42 1 27 499 309 336 878
13 42 1 29 252 325 182 649
14 42 0 42 283 54 61 421
15 44 0 37 38 69 109 188
16 45 0 40 91 25 148 201
17 46 0 45 594 46 102 731
18 46 1 40 296 393 260 776
19 48 0 36 126 117 117 327
20 48 0 3 529 63 136 643
21 48 1 43 2228 390 126 2710
22 49 1 34 307 390 263 781
23 49 1 39 31 90 109 210
24 50 0 3 406 390 202 849
25 50 0 47 321 52 47 470
26 51 1 31 54 166 194 303
27 51 0 48 340 59 96 498
28 51 0 39 344 103 115 537
29 52 0 16 212 168 203 448
30 52 0 34 1305 254 255 1645
31 52 0 24 2658 137 175 2871
32 52 0 36 666 25 38 779
33 53 1 2 2316 199 155 2571
34 53 0 43 282 53 77 431
35 55 0 42 232 101 137 430
36 55 0 31 86 111 165 283
37 56 0 2 114 19 46 191
38 56 0 35 332 42 49 465
39 58 0 33 24 141 81 256
40 59 1 54 196 441 187 751
41 60 1 41 37 243 170 382
42 61 1 2 651 75 79 790
43 61 0 50 73 80 338 264
44 61 1 38 154 226 165 480
45 62 1 42 153 149 2593 407
46 64 1 39 178 398 143 680
47 64 0 31 94 67 123 256
48 65 1 34 686 425 247 1211
49 65 1 40 1153 313 243 1572
50 65 0 2 250 133 620 450
51 66 0 48 389 75 71 578
52 66 1 42 158 51 71 318
53 67 0 51 287 30 34 435
54 68 0 44 354 56 112 522
55 68 1 28 91 111 288 299
56 69 0 3 1039 131 104 1242
57 69 1 41 154 390 153 655
58 70 0 39 114 84 255 307
59 70 0 31 69 182 280 352
60 70 0 40 346 38 137 494
61 70 0 57 29 15 25 171
62 71 0 28 964 131 137 1194
63 71 1 32 36 15 32 155
64 72 1 2 2452 121 100 2648
65 73 0 60 31 77 93 241
66 74 1 2 338 130 223 545
67 74 0 2 1882 87 126 2045
68 75 0 33 612 104 137 824
69 75 1 46 305 51 75 478
70 75 1 36 428 351 155 891
71 75 1 22 228 392 141 718
72 75 0 50 387 56 103 568
73 75 0 25 51 17 72 168
74 76 0 14 134 71 102 295
75 76 0 38 286 33 70 433
76 77 0 39 55 139 134 310
77 77 0 42 32 231 153 382
78 79 0 41 297 61 95 478
79 79 0 51 281 55 79 466
80 79 0 2 493 179 189 753
81 80 1 39 544 26 97 690
82 80 0 65 378 61 70 584
83 80 1 2 158 90 98 331
84 81 0 2 287 212 163 582
85 82 0 47 540 51 77 720
86 82 0 43 305 66 93 496
87 83 1 40 872 92 127 1088
88 84 1 28 186 396 166 695
89 84 0 6 2934 51 224 3075
90 84 1 2 578 93 69 758
91 84 0 30 3152 76 88 3342
92 85 1 44 42 61 143 233
93 85 0 28 35 50 75 198
94 86 1 20 383 391 149 881
95 87 0 52 86 224 395 449
96 87 0 38 24 14 41 163
97 88 1 20 1049 187 117 1345
98 88 0 61 81 196 318 426
99 88 0 33 64 95 118 280
100 88 0 41 71 139 136 339
101 88 0 33 32 132 141 285
102 88 0 36 29 198 106 351
103 89 1 37 355 44 142 526
104 89 1 2 2463 101 138 2656
105 89 0 7 763 139 102 998
106 89 0 28 660 188 275 965
107 89 0 6 249 158 181 502
108 90 0 45 286 38 113 459
109 90 1 2 384 311 126 788
110 92 0 2 355 66 73 515
111 92 1 35 1827 395 219 2350
112 93 0 37 88 133 115 351
113 94 1 24 1171 391 242 1681
114 94 1 39 175 135 126 444
115 94 0 38 102 90 140 324
116 94 0 29 639 393 156 1155
117 94 0 46 427 35 91 602
118 94 0 48 34 29 70 205
119 95 1 33 28 269 94 426
120 95 0 4 340 164 131 603
121 96 1 27 147 122 141 393
122 96 0 3 655 108 191 862
123 97 0 35 322 35 74 489
124 97 0 39 111 88 443 335
125 97 1 32 34 146 136 310
126 99 0 15 128 289 298 531
127 99 0 29 362 47 108 537
128 100 0 42 51 150 148 343
129 100 0 36 673 392 170 1201
130 101 1 2 2687 73 97 2864
131 102 0 40 37 48 177 227
132 102 0 34 281 51 199 468
133 105 0 37 186 237 106 565
134 105 1 2 517 82 77 707
135 105 1 26 495 135 154 762
136 105 0 38 102 422 145 667
137 107 1 35 29 14 89 186
138 107 1 3 862 390 164 1363
139 107 0 35 75 87 83 304
140 107 0 49 503 33 41 692
141 108 0 46 171 19 20 344
142 108 1 4 35 388 192 536
143 109 1 9 272 312 167 703
144 110 0 41 31 70 197 252
145 110 1 44 306 52 117 513
146 110 0 39 39 73 91 261
147 110 0 42 224 307 183 683
148 110 0 19 84 124 170 337
149 110 1 2 607 317 164 1037
150 111 0 7 1048 54 103 1220
151 112 0 13 154 179 203 458
152 114 1 33 87 167 100 402
153 114 1 17 354 308 132 794
154 115 1 26 224 141 98 507
155 115 0 2 787 131 127 1035
156 116 0 3 405 106 114 630
157 117 0 40 34 108 129 299
158 117 1 15 240 184 144 557
159 117 1 2 781 102 129 1003
160 118 0 33 1957 57 124 2165
161 118 1 3 912 455 155 1489
162 118 0 2 2633 117 173 2870
163 119 1 25 42 61 79 248
164 119 0 7 404 53 126 583
165 121 0 3 1103 191 113 1418
166 121 0 2 247 107 97 477
167 122 1 22 1187 103 110 1435
168 124 0 39 27 84 217 274
169 125 0 4 452 140 143 721
170 126 0 2 388 97 212 613
171 126 0 2 1196 122 126 1446
172 126 0 3 337 143 137 609
173 127 1 31 165 439 301 763
174 127 0 3 1891 192 291 2213
175 127 0 28 202 109 319 466
176 129 0 2 914 154 202 1199
177 129 0 38 324 57 50 548
178 129 1 27 34 56 67 247
179 129 1 19 440 2537 309 3126
180 131 0 7 402 66 157 606
181 131 0 20 185 394 248 730
182 132 0 30 231 150 164 543
183 134 0 30 30 109 97 303
184 134 1 44 269 396 162 844
185 135 0 21 29 85 167 270
186 135 1 14 732 323 262 1205
187 135 1 3 2974 831 256 3944
188 136 2 10 646 2572 474 3366
189 136 0 42 103 83 156 364
190 136 1 2 680 121 111 940
191 137 0 35 37 210 229 419
192 137 1 2 835 307 118 1282
193 137 1 19 435 86 99 678
194 138 1 6 361 66 87 572
195 139 1 19 3154 1465 326 4778
196 140 1 25 230 114 155 510
197 140 1 2 124 106 92 373
198 140 2 3 700 1557 194 2402
199 141 2 5 807 1944 252 2899
200 141 0 3 255 114 322 513
201 142 0 50 960 109 165 1261
202 143 0 3 480 116 205 742
203 143 0 7 575 127 142 852
204 144 2 4 2000 1624 329 3774
205 144 0 2 483 784 152 1413
206 144 2 20 452 2549 603 3167
207 145 0 3 993 107 128 1248
208 145 1 26 101 729 250 1002
209 146 0 6 1306 46 115 1504
210 146 2 8 648 1457 397 2261
211 146 3 7 1718 2804 396 4678
212 148 2 5 1703 2434 346 4292
213 149 2 32 146 1953 324 2282
214 150 0 25 24 541 120 740
215 150 3 5 1260 3156 218 4574
216 151 0 24 65 28 75 268
217 151 2 3 1438 1022 922 2616
218 152 1 3 994 3699 385 4849
219 152 2 5 1098 2581 272 3838
220 152 1 37 39 87 114 316
221 152 0 18 89 106 105 365
222 152 0 25 172 106 102 455
223 153 3 6 1383 6602 580 8147
224 154 1 2 873 2816 589 3846
225 154 0 2 248 70 80 474
226 155 0 37 34 15 27 241
227 155 0 3 564 390 126 1112
228 156 1 4 1080 1354 285 2595
229 156 2 12 1697 4084 319 5951
230 157 0 3 482 388 189 1030
231 157 1 17 87 632 107 894
232 158 2 10 2454 3662 885 6286
233 158 2 13 421 1888 279 2482
234 159 0 3 439 134 100 735
235 159 2 3 1014 1223 211 2401
236 159 1 2 351 398 151 911
237 160 1 13 1438 99 106 1711
238 160 2 3 2090 1595 266 3850
239 160 2 3 2513 2748 485 5426
240 161 0 32 111 100 124 404
241 161 1 2 741 630 102 1535
242 163 1 2 574 1614 384 2354
243 164 2 26 134 1407 173 1733
244 164 1 2 1288 301 177 1756
245 165 1 4 868 1327 148 2365
246 165 2 4 964 1529 204 2664
247 165 1 4 517 822 240 1509
248 165 0 38 876 92 115 1171
249 166 1 3 3266 1574 293 5010
250 167 3 6 1821 4836 333 6833
251 169 1 3 1199 1284 276 2656
252 169 2 25 146 1605 143 1947
253 171 1 25 31 656 137 884
254 172 1 4 873 936 167 1986
255 172 2 3 676 1042 146 1895
256 173 1 19 561 776 292 1530
257 173 1 21 100 836 406 1131
258 174 1 20 95 1049 237 1339
259 175 1 11 35 515 121 737
260 176 1 9 2978 2562 1106 5726
261 176 2 4 1207 1976 321 3365
262 177 1 38 123 858 257 1197
263 177 1 3 591 846 803 1618
264 178 3 12 2430 4824 573 7447
265 178 1 3 970 1014 193 2166
266 179 1 4 1233 1462 198 2879
267 180 2 4 559 1049 189 1794
268 180 2 3 933 1126 206 2244
269 180 2 13 389 1909 198 2493
270 181 1 20 324 1457 2432 1983
271 183 1 19 151 1662 306 2016
272 183 1 18 983 1638 374 2823
273 183 2 5 3605 2633 371 6428
274 184 2 4 1792 2366 242 4348
275 186 2 3 1508 1092 174 2791
276 189 3 5 2595 4953 269 7745
277 190 1 3 1215 562 312 1971
278 190 1 2 1373 1006 230 2572
279 193 1 19 39 802 308 1054
280 195 1 12 61 523 90 792
281 195 1 3 650 659 123 1508
282 197 1 3 887 861 187 1949
283 198 1 18 277 926 191 1420
284 198 1 4 563 819 172 1585
285 200 2 19 2201 884 256 3306
286 200 1 4 603 760 139 1568
287 200 1 37 1003 1648 341 2889
288 201 2 20 470 1680 261 2373
289 202 2 4 876 2025 422 3109
290 202 2 3 1512 1030 183 2749
291 203 1 3 2494 981 266 3682
292 204 2 5 4035 2486 380 6732
293 205 3 6 1037 4135 383 5386
294 206 2 6 1129 1106 233 2449
295 206 1 22 3040 863 197 4132
296 207 2 7 739 2707 455 3662
297 208 2 4 1038 1485 184 2737
298 208 0 3 740 510 126 1461
299 209 1 23 1582 1422 235 3237
300 209 1 9 36 702 155 957
301 209 3 12 647 5145 445 6016
302 211 1 4 1566 1558 454 3340
303 213 2 3 1364 1217 323 2799
304 215 2 20 138 1590 383 1965
305 215 1 11 32 897 146 1156
306 217 1 4 1089 1014 290 2325
307 217 3 4 2645 4907 507 7776
308 217 3 5 1274 2674 320 4173
309 217 1 11 1048 1810 322 3087
310 218 1 3 601 604 179 1427
311 220 1 8 382 1440 344 2051
312 221 1 31 333 1597 375 2183
313 222 1 3 947 2440 266 3613
314 222 1 12 847 852 148 1934
315 222 2 8 346 1714 236 2292
316 223 2 8 3877 4291 527 8401
317 224 1 3 1209 794 262 2231
318 225 2 8 1870 2466 397 4571
319 226 1 2 675 975 160 1879
320 226 1 5 721 1465 191 2418
321 226 1 4 866 644 270 1741
322 227 1 3 571 780 356 1582
323 229 2 11 483 3585 295 4310
324 229 2 4 1372 3883 468 5490
325 229 2 19 331 2591 285 3172
326 231 2 3 974 1734 336 2944
327 231 1 32 1216 989 338 2469
328 233 1 9 88 937 498 1268
329 235 2 4 4075 2581 347 6897
330 235 2 21 186 1002 157 1446
331 237 1 11 39 699 450 987
332 237 2 19 514 1134 218 1906
333 237 1 4 1137 921 291 2300
334 238 1 3 640 866 359 1748
335 238 3 6 1966 5042 389 7255
336 239 2 5 2644 4232 443 7122
337 239 2 3 491 1115 200 1850
338 239 2 3 1250 1402 304 2896
339 241 1 1 601 835 207 1679
340 242 1 2 1458 783 274 2486
341 243 1 4 2170 1383 217 3801
342 244 1 12 35 463 138 755
343 246 1 3 1587 718 157 2555
344 246 1 3 636 798 196 1684
345 246 2 10 905 2505 420 3668
346 247 3 10 1777 4638 360 6675
347 247 1 3 2402 785 153 3438
348 247 1 3 1577 2418 278 4246
349 248 2 2 784 2468 382 3504
350 248 2 5 1118 2442 210 3815
351 250 1 6 2788 5028 621 8073
352 250 1 5 2313 1697 304 4266
353 251 1 11 1252 702 75 2217
354 251 2 3 2493 5328 498 8077
355 252 2 19 1440 2366 336 4079
356 252 2 6 839 2525 316 3624
357 252 1 20 30 722 187 1025
358 253 1 2 1251 1777 170 3284
359 253 3 9 1097 6653 307 8015
360 253 1 6 357 795 205 1412
361 255 3 9 1299 4420 349 5986
362 255 3 5 1259 4587 504 6109
363 256 1 4 1042 1488 247 2791
364 256 2 6 454 1012 177 1730
365 258 1 3 832 921 252 2015
366 258 1 3 3394 2700 390 6356
367 259 1 6 743 716 271 1725
368 259 1 17 171 1027 382 1475
369 260 1 9 767 1589 342 2626
370 260 1 4 878 1654 371 2797
371 261 1 30 1248 1637 329 3177
372 263 1 3 725 863 217 1855
373 265 2 5 912 2566 394 3750
374 265 3 5 2002 5059 557 7334
375 265 3 22 344 3948 475 4582
376 266 2 6 3274 2527 350 6075
377 266 1 8 1251 1511 276 3037
378 267 3 11 2312 4596 349 7189
379 268 0 2 1534 798 168 2602
380 269 1 3 1223 841 162 2337
381 270 2 13 309 3545 386 4139
382 270 3 5 1002 4387 542 5667
383 272 3 6 2007 4907 498 7195
384 272 1 4 1269 1000 314 2546
385 273 2 14 932 4847 542 6068
386 274 1 3 755 1521 388 2554
387 274 2 12 582 3713 433 4583
388 274 1 2 1739 2952 374 4968
389 274 3 4 4539 4675 522 9495
390 274 1 2 896 800 98 1973
391 274 1 3 1655 1058 239 2991
392 276 1 4 688 2580 252 3549
393 277 1 6 605 625 533 1514
394 277 1 4 1016 847 220 2145
395 278 3 6 2442 4696 428 7425
396 278 3 10 1621 5234 606 7146
397 279 2 13 130 953 239 1377
398 280 2 12 1050 2899 312 4243
399 280 2 4 909 1657 181 2852
400 281 3 7 2344 4869 515 7504
401 281 2 4 975 2654 434 3916
402 282 1 8 1027 2626 588 3944
403 283 3 6 1593 4860 592 6745
404 284 2 3 2649 6090 331 9028
405 285 1 9 807 1467 341 2569
406 287 3 7 2932 4665 394 7894
407 288 2 4 1042 1528 183 2864
408 288 2 7 1841 4461 923 6599
409 289 2 2 1596 2819 264 4708
410 291 3 6 1243 4631 537 6174
411 292 2 5 834 2071 322 3204
412 292 3 10 336 4678 392 5319
413 292 3 11 1334 5184 520 6824
414 294 2 5 1661 2778 279 4740
415 296 3 7 2194 4861 313 7361
416 297 4 5 2789 5534 508 8629
417 297 1 3 1078 4849 260 6228
418 298 2 11 69 1510 381 1890
419 303 2 6 294 4097 951 4702
420 303 2 8 501 3043 233 3857
421 306 2 4 1478 4769 672 6559
422 309 3 7 811 4412 608 5542
423 310 2 3 2280 4776 319 7371
424 310 2 5 715 2453 504 3485
425 312 2 5 4326 4611 629 9256
426 316 3 5 1455 4799 536 6578
427 325 1 3 983 2412 375 3724
428 330 1 3 576 1060 184 1970
429 333 0 12 26 13 33 384
430 341 0 2 383 321 124 1047
431 343 1 4 1634 4441 507 6423
432 357 2 3 3795 4855 522 9012
433 357 3 5 1733 5210 437 7308
434 358 0 3 73 68 43 502
435 365 1 3 2042 4558 533 6969
436 374 0 5 53 764 32 1196
437 381 1 2 543 1195 170 2122
438 390 2 3 819 2788 280 4002
439 391 1 1 2316 638 123 3347
440 393 2 6 1054 3960 578 5415
441 393 1 8 195 1266 239 1863
442 395 13 2 1321 2475 312 4206
443 397 5 8 870 5056 499 6336
444 398 2 3 1056 5188 312 6647
445 402 2 2 974 2431 453 3811
446 405 0 31 37 921 69 1394
447 409 1 3 2004 880 159 3297
448 411 1 7 750 969 189 2138
449 412 1 4 3070 1336 270 4823
450 415 1 2 505 1037 180 1960
451 416 2 6 224 1090 255 1738
452 422 1 2 308 579 117 1312
453 425 1 10 90 1284 196 1810
454 428 0 2 436 723 75 1589
455 429 2 10 804 3438 355 4683
456 430 2 3 1128 4714 268 6277
457 430 2 6 708 2372 404 3518
458 430 1 4 942 5590 296 6967
459 432 1 4 1561 4779 485 6777
460 432 1 3 675 1388 278 2499
461 436 0 4 1646 764 236 2850
462 439 2 3 4016 5038 413 9498
463 440 2 4 2668 6546 504 9660
464 450 3 9 2373 4233 1087 7068
465 454 1 3 1632 1329 254 3419
466 455 1 3 754 1545 291 2758
467 455 2 5 1069 4988 505 6519
468 460 2 4 1040 2277 398 3783
469 462 1 3 2090 2755 444 5311
470 463 1 3 1395 759 246 2621
471 464 1 4 994 4853 389 6316
472 465 1 3 992 1010 283 2471
473 466 1 4 1307 4768 451 6546
474 468 0 3 2590 810 178 3871
475 470 2 2 1273 3951 458 5698
476 470 1 5 1049 5133 667 6658
477 478 3 12 2059 5291 466 7843
478 481 1 3 763 730 407 1978
479 481 1 2 619 1069 231 2172
480 481 2 3 1235 4650 475 6371
481 483 2 4 1483 5256 814 7228
482 487 0 5 50 1194 74 1736
483 489 0 3 1071 1118 211 2681
484 490 0 5 56 273 57 824
485 492 1 4 1453 3578 427 5528
486 492 1 4 1416 914 228 2827
487 498 1 3 2736 3230 547 6468
488 501 0 4 44 827 32 1376
489 501 1 4 996 4689 410 6191
490 502 1 4 2438 1585 418 4530
491 502 0 4 578 811 209 1895
492 505 1 5 2276 5093 456 7880
493 506 1 4 1182 4426 416 6119
494 510 1 5 2961 5075 627 8552
495 513 1 4 1422 4443 487 6383
496 514 1 4 765 1094 408 2378
497 517 0 6 73 1639 80 2235
498 518 1 4 1461 1434 239 3418
499 519 2 5 1428 6220 505 8174
500 520 1 5 163 407 44 1096
501 526 1 5 1283 2453 426 4268
502 528 1 5 1165 4753 449 6452
503 531 1 6 877 2536 467 3951
504 531 1 5 950 2621 436 4108
505 532 1 3 793 2410 240 3739
506 539 0 4 790 1079 207 2412
507 540 1 3 873 1645 169 3062
508 543 1 5 1742 4880 469 7171
509 544 2 4 1179 4510 367 6239
510 548 2 5 2665 4993 475 8213
511 549 1 7 1068 3108 239 4733
512 550 1 3 772 767 193 2093
513 551 1 4 701 771 414 2028
514 551 2 5 2097 5285 381 7940
515 551 1 6 1359 2373 341 4290
516 552 1 4 1685 852 100 3094
517 556 1 3 920 3148 548 4628
518 556 1 3 691 1082 165 2333
519 557 0 11 795 286 53 1649
520 558 2 4 1115 4855 589 6534
521 563 2 7 1758 4667 316 6997
522 564 2 7 1257 4893 433 6723
523 565 2 5 1113 4387 476 6072
524 565 2 5 1451 5040 716 7063
525 568 0 6 617 659 50 1850
526 569 1 5 3344 3618 522 7537
527 570 1 3 660 2473 521 3707
528 570 1 3 1176 1094 156 2844
529 572 1 4 1273 1161 281 3011
530 572 2 6 3431 6496 641 10507
531 573 1 5 1359 2848 385 4786
532 574 0 3 32 438 29 1047
533 574 1 4 778 1614 318 2971
534 575 1 4 1031 2607 311 4218
535 577 1 3 709 846 144 2136
536 577 1 4 695 1086 190 2363
537 578 2 4 3537 5259 544 9380
538 580 0 1 48 450 57 1079
539 584 1 3 777 2234 318 3599
540 587 0 7 295 503 70 1392
541 587 1 4 1413 2539 326 4544
542 587 1 5 1145 4502 345 6240
543 588 1 3 869 730 151 2191
544 590 1 5 1088 2941 194 4625
545 593 2 5 1911 4164 526 6675
546 595 2 4 900 2657 333 4158
547 598 1 3 2186 764 391 3552
548 599 1 4 1341 4690 231 6635
549 599 2 4 1119 4240 328 5964
550 600 0 9 61 626 116 1296
551 601 0 3 699 38 79 1341
552 602 0 3 933 572 78 2110
553 605 1 5 2058 4919 447 7588
554 605 2 6 1320 7265 841 9198
555 606 2 6 1987 3703 298 6304
556 607 1 5 2784 4521 1046 7918
557 608 0 5 79 1951 124 2643
558 608 0 5 345 556 38 1514
559 609 2 3 4486 2776 215 7876
560 609 0 3 1445 672 156 2729
561 611 0 4 3294 1448 583 5357
562 612 0 2 15 646 110 1275
563 613 2 3 1428 4665 813 6711
564 613 1 3 673 509 110 1799
565 618 1 2 893 1005 196 2519
566 619 1 5 2673 3880 704 7178
567 623 1 4 1203 1410 475 3241
568 623 0 3 452 85 34 1163
569 624 2 5 1128 4746 678 6505
570 624 0 3 1380 12 25 2019
571 628 0 3 586 19 108 1236
572 631 1 3 2001 1008 199 3644
573 633 1 3 535 1556 175 2728
574 635 2 5 1803 6461 878 8906
575 636 1 3 1627 1199 258 3466
576 638 0 3 297 1584 274 2522
577 639 2 6 3579 3212 400 7438
578 641 0 2 396 22 19 1061
579 642 1 3 1063 1490 149 3199
580 643 1 4 1885 2259 418 4792
581 643 1 2 1834 2174 299 4654
582 644 1 3 512 618 158 1778
583 646 1 4 869 2314 371 3834
584 646 2 7 1400 3883 1048 5938
585 646 0 4 663 753 214 2066
586 647 1 4 1206 2549 567 4407
587 648 1 5 1096 1889 361 3639
588 651 1 5 1112 4475 402 6244
589 651 2 5 1297 6603 450 8558
590 654 0 4 712 802 246 2172
591 655 1 4 1124 2451 386 4235
592 658 2 4 2921 4947 347 8532
593 663 0 4 693 860 196 2220
594 663 1 4 1000 2429 335 4097
595 664 1 4 655 1544 334 2868
596 667 2 7 2478 5098 436 8252
597 668 0 4 2945 1721 379 5338
598 669 1 7 3538 3036 407 7251
599 669 1 6 38 165 66 879
600 670 1 4 1022 3258 388 4955
601 670 1 6 1753 1383 289 3813
602 670 2 5 2477 5134 529 8288
603 671 1 3 707 921 215 2303
604 671 0 4 750 1108 48 2533
605 672 0 4 62 161 64 899
606 672 1 4 980 2250 395 3907
607 673 1 4 762 1696 354 3136
608 675 1 4 3346 2264 237 6290
609 675 0 3 386 212 22 1276
610 675 1 3 1839 1331 227 3849
611 676 0 6 356 470 19 1508
612 677 2 5 1239 4986 321 6909
613 678 1 5 1584 4496 376 6764
614 678 2 4 2968 4536 281 8188
615 679 1 4 6270 1916 338 8870
616 680 1 4 1263 2758 255 4706
617 680 0 7 302 904 1330 1893
618 682 1 4 1179 1437 136 3303
619 683 1 3 1846 1498 181 4031
620 683 1 5 1135 4434 481 6258
621 684 1 5 4177 5305 678 10172
622 684 2 5 2880 5571 539 9142
623 684 1 3 3258 847 230 4793
624 685 2 5 2243 4255 290 7190
625 686 2 3 1637 2429 233 4757
626 688 2 5 3502 6394 550 10591
627 689 1 4 2675 2493 248 5862
628 689 2 5 1214 4981 495 6891
629 691 1 5 1014 2448 1187 4159
630 693 1 8 617 1214 179 2533
631 693 2 5 1206 6129 365 8035
632 693 1 4 1997 4892 297 7587
633 693 1 5 3668 3843 512 8210
634 695 2 4 1162 4978 389 6841
635 698 1 3 2915 427 143 4044
636 698 1 4 4423 3500 310 8626
637 699 0 4 862 807 161 2372
638 699 2 5 3045 5090 323 8841
639 702 1 3 1038 1378 276 3122
640 703 1 3 1685 1783 311 4175
641 703 2 4 882 2842 475 4433
642 704 1 3 560 593 337 1861
643 704 1 4 3770 2875 254 7354
644 704 1 5 1679 4610 668 6999
645 705 1 5 1388 6280 562 8379
646 705 1 4 1009 2958 265 4677
647 705 2 4 1097 5159 354 6967
648 706 2 5 1350 6960 357 9023
649 706 2 8 1348 5369 508 7433
650 707 2 3 1056 5142 759 6910
651 710 1 6 1269 3820 384 5806
652 710 1 3 2539 1810 240 5063
653 710 2 4 1863 2635 397 5214
654 710 2 5 1008 4929 614 6654
655 711 1 4 663 1374 521 2753
656 712 1 3 2168 1313 390 4197
657 714 0 2 29 149 42 894
658 715 2 5 2632 4781 395 8135
659 715 2 6 4358 6294 308 11375
660 716 0 4 796 1335 231 2851
661 717 1 3 2005 1402 283 4128
662 717 1 3 934 774 205 2429
663 717 0 12 292 88 45 1109
664 718 1 2 340 191 46 1252
665 718 2 5 3479 4781 461 8985
666 718 2 5 2294 4712 488 7731
667 719 2 5 1565 5197 692 7488
668 722 1 4 1194 2746 402 4667
669 723 2 5 1204 5387 463 7321
670 723 2 4 2104 6356 650 9189
671 726 2 5 6583 6319 476 13635
672 727 1 3 816 1250 301 2797
673 731 0 8 46 327 38 1112
674 732 0 2 28 1520 70 2282
675 733 2 4 1455 4429 454 6623
676 735 2 7 2884 5132 495 8760
677 735 0 2 387 199 66 1323
678 735 1 4 3043 2447 236 6230
679 737 1 5 1456 4046 408 6245
680 740 1 5 1679 4564 518 6989
681 740 2 5 3386 5575 385 9708
682 745 1 3 1032 959 234 2740
683 746 1 4 1388 612 137 2751
684 746 2 4 2772 3149 334 6673
685 747 1 11 335 66 59 1160
686 747 1 3 1475 1137 185 3363
687 749 0 4 1869 2085 306 4707
688 750 0 2 30 68 93 850
689 750 2 4 890 2549 537 4195
690 750 1 5 2490 3033 274 6279
691 752 0 2 157 15 29 926
692 753 0 2 308 19 30 1082
693 754 1 5 1198 2440 290 4398
694 755 0 4 1168 1293 195 3220
695 759 0 8 327 282 66 1376
696 761 2 5 1835 5399 277 8002
697 762 0 2 362 52 51 1178
698 763 2 5 1205 5394 475 7369
699 763 1 3 1292 1532 359 3591
700 763 0 4 2924 1345 192 5036
701 764 1 4 1155 4469 512 6393
702 765 1 5 922 3706 299 5399
703 767 2 6 1538 6889 488 9202
704 767 1 4 957 1603 334 3332
705 769 2 5 1415 5566 344 7757
706 769 1 4 642 1254 233 2670
707 770 2 4 1871 4650 434 7297
708 770 1 5 1281 4607 418 6664
709 771 2 4 4776 4925 490 10478
710 771 1 3 1420 1090 476 3285
711 771 1 5 3869 4555 462 9201
712 771 0 6 52 975 64 1804
713 771 3 5 3713 6506 626 10998
714 771 2 5 1185 5355 700 7318
715 772 1 4 809 2576 321 4162
716 775 2 5 2058 4263 424 7103
717 775 1 3 936 852 181 2567
718 775 2 5 1422 4695 311 6899
719 775 2 5 1934 4777 402 7493
720 777 1 3 820 798 113 2399
721 777 1 3 1822 1180 235 3783
722 778 1 4 1284 1459 343 3526
723 778 1 3 614 521 127 1917
724 779 0 12 279 198 25 1268
725 779 0 5 57 569 117 1410
726 783 1 3 914 1043 177 2744
727 783 0 5 296 404 74 1488
728 785 1 3 1436 921 142 3146
729 787 2 5 2170 4901 1506 7865
730 788 1 4 2127 1502 150 4422
731 789 1 5 1304 5177 470 7276
732 790 0 4 1413 1075 272 3282
733 791 2 5 2783 5309 419 8890
734 792 1 4 1592 2616 438 5005
735 794 1 4 1915 1338 181 4052
736 794 1 4 862 1806 292 3467
737 794 1 5 2870 5227 344 8897
738 795 2 5 1808 5228 512 7838
739 795 1 5 1997 4945 623 7743
740 795 1 4 1889 1620 193 4309
741 795 2 5 3584 5022 320 9408
742 798 1 5 1885 4135 291 6824
743 799 2 5 1238 6873 351 8917
744 799 1 4 1596 2468 493 4868
745 799 1 4 1725 2381 341 4910
746 801 1 5 1299 4400 465 6506
747 803 2 5 1227 5356 306 7393
748 805 1 4 4337 3011 255 8158
749 806 2 5 2684 6547 521 10044
750 807 1 3 1187 1463 291 3461
751 808 2 5 3953 4657 281 9425
752 809 1 4 810 993 250 2617
753 810 2 4 3033 4353 582 8202
754 811 0 4 841 1113 335 2769
755 812 1 5 1207 4904 274 6929
756 813 1 3 2066 989 175 3872
757 814 0 3 311 76 114 1204
758 815 0 6 349 645 44 1815
759 815 1 5 3481 4743 476 9045
760 815 0 3 309 28 127 1155
761 816 2 4 2789 5192 405 8803
762 818 2 4 987 2899 522 4710
763 819 1 4 1958 1754 326 4536
764 819 2 4 1720 2480 275 5025
765 821 2 5 1716 4944 451 7488
766 821 1 9 350 458 31 1639
767 822 0 3 318 186 31 1329
768 823 0 4 29 302 55 1158
769 823 1 3 666 767 195 2260
770 824 2 5 3028 4831 691 8690
771 827 0 2 23 116 52 968
772 828 3 5 2459 7173 400 10468
773 828 1 3 766 637 111 2235
774 832 1 3 1376 1322 258 3534
775 832 2 5 1142 5385 553 7366
776 834 0 4 32 892 30 1762
777 835 2 5 2036 7096 733 9974
778 835 2 4 1304 4574 372 6719
779 837 1 5 3290 3854 393 7987
780 837 1 4 936 1642 392 3420
781 838 2 5 1378 6864 364 9087
782 839 1 5 4371 4511 434 9727
783 839 1 4 1004 2474 290 4322
784 839 2 5 1015 5037 494 6898
785 840 0 4 1085 763 149 2692
786 840 2 4 1814 4778 644 7438
787 840 2 5 2564 5555 374 8966
788 840 2 5 1561 6393 668 8801
789 841 2 4 1058 2656 380 4561
790 842 0 2 614 1067 85 2525
791 843 1 3 818 769 1058 2434
792 844 2 5 1340 4793 321 6984
793 844 2 5 1597 4622 313 7070
794 844 1 4 880 1455 396 3184
795 845 2 4 1731 4759 522 7341
796 846 3 5 1316 6844 417 9014
797 847 0 2 410 626 64 1885
798 848 1 4 2257 2426 441 5536
799 848 0 4 906 1578 270 3336
800 848 0 6 294 975 89 2123
801 849 1 4 933 2466 349 4253
802 849 1 3 874 860 219 2587
803 850 0 3 379 217 50 1449
804 852 1 3 26 402 46 1284
805 853 2 4 1400 2832 610 5091
806 854 2 5 2140 4485 501 7486
807 854 2 5 1510 5218 432 7589
808 854 0 7 367 960 47 2188
809 855 2 5 1483 4881 394 7226
810 856 0 4 1357 760 156 2977
811 857 0 2 334 357 491 1550
812 859 1 3 1811 732 195 3406
813 860 2 4 3153 2078 309 6097
814 861 2 5 1145 4988 587 7001
815 863 2 4 2090 4827 387 7786
816 864 1 4 1887 2485 342 5241
817 864 1 5 2203 2998 371 6071
818 865 1 5 3168 2593 330 6632
819 865 0 5 293 202 25 1365
820 865 1 4 1017 1922 409 3809
821 866 1 5 1144 4725 445 6741
822 866 1 5 2057 5023 518 7952
823 871 1 5 3848 4495 618 9220
824 872 1 5 1296 4498 917 6672
825 874 1 5 1180 2909 774 4969
826 874 1 2 598 87 63 1562
827 875 0 6 329 64 29 1274
828 877 2 5 2429 4692 609 8005
829 879 1 5 1322 4028 433 6235
830 881 2 5 1388 4666 624 6942
831 882 2 5 1245 4884 508 7018
832 883 2 4 2197 4246 353 7332
833 883 1 3 728 1055 147 2670
834 883 2 4 1294 4317 464 6500
835 883 0 2 330 836 88 2051
836 884 0 5 381 726 71 1996
837 885 0 3 19 366 78 1273
838 886 0 3 968 308 61 2165
839 888 2 5 1863 5009 509 7767
840 894 2 4 4327 4841 522 10068
841 894 0 3 479 626 96 2002
842 895 0 4 704 1313 299 2916
843 896 1 5 1720 4475 344 7097
844 896 0 3 384 366 28 1649
845 896 0 2 354 72 24 1324
846 899 0 11 324 376 25 1610
847 899 1 5 1279 4885 467 7069
848 900 2 5 1360 4919 338 7186
849 900 2 5 1708 6615 358 9230
850 901 0 3 695 747 246 2346
851 901 1 5 1216 2815 269 4938
852 901 1 4 1494 1093 325 3493
853 901 1 3 1792 799 164 3496
854 903 0 4 76 965 38 1948
855 904 1 5 2133 4952 294 7995
856 904 0 4 1932 859 161 3699
857 904 2 5 4108 4407 371 9426
858 906 2 5 3379 5333 410 9625
859 906 1 4 747 1124 233 2782
860 907 1 3 2818 1016 337 4745
861 907 0 8 60 1615 94 2590
862 909 0 10 39 830 29 1788
863 909 1 5 3537 6264 293 10716
864 909 2 5 1414 4994 324 7324
865 910 2 5 1261 5076 1018 7254
866 911 1 4 726 1037 260 2679
867 912 0 2 404 951 35 2269
868 912 2 6 4302 6044 411 11266
869 912 0 3 397 60 53 1372
870 913 3 5 3689 6728 385 11338
871 915 2 5 1978 4643 474 7543
872 916 0 4 1553 1148 164 3621
873 916 1 3 801 1535 213 3256
874 919 2 5 1282 5159 345 7367
875 919 0 2 386 25 51 1332
876 920 2 5 1473 4841 468 7241
877 921 0 3 783 958 193 2665
878 921 1 4 1495 1384 204 3805
879 922 1 5 1774 4799 417 7501
880 924 1 3 780 1475 222 3183
881 925 0 9 247 1086 203 2267
882 927 0 1 62 492 144 1482
883 927 1 3 720 653 102 2304
884 928 2 5 1875 4717 388 7527
885 929 0 3 600 670 418 2202
886 929 1 4 2197 4518 450 7649
887 933 1 2 308 148 35 1392
888 935 0 5 53 1039 85 2032
889 935 2 5 1222 5501 357 7665
890 936 0 2 372 386 46 1696
891 936 2 4 1191 3807 454 5940
892 938 0 8 49 959 23 1954
893 940 1 4 1481 4504 407 6930
894 941 1 5 1015 2383 493 4345
895 941 2 5 1342 5138 544 7428
896 941 1 3 598 410 151 1953
897 942 1 3 1300 1271 454 3517
898 942 1 3 950 986 146 2882
899 943 1 4 2843 1434 273 5225
900 944 1 4 1522 840 159 3311
901 944 1 3 1324 1499 453 3771
902 945 0 7 86 262 25 1300
903 949 0 1 23 163 41 1136
904 949 2 5 1123 5377 367 7456
905 949 0 3 438 113 53 1503
906 950 2 5 1559 5415 418 7931
907 951 1 8 105 11 72 1076
908 951 2 6 1254 6643 378 8856
909 951 2 4 1435 5002 633 7394
910 951 0 3 448 218 35 1620
911 952 0 5 196 970 24 2123
912 953 2 5 1357 4752 435 7069
913 954 1 3 1101 1600 342 3659
914 955 0 3 444 370 27 1772
915 960 2 5 2750 6372 568 10089
916 964 1 4 2722 2649 257 6340
917 964 1 3 739 990 402 2697
918 964 1 4 1914 1429 194 4312
919 965 1 2 438 286 36 1692
920 969 1 5 1232 3289 403 5496
921 969 0 2 385 839 104 2195
922 970 0 9 88 14 138 1081
923 971 0 7 86 975 72 2039
924 972 0 3 2012 480 32 3467
925 972 0 3 322 277 33 1574
926 972 0 7 18 675 30 1672
927 973 2 4 1262 4142 433 6383
928 974 2 5 3396 4969 514 9346
929 975 1 3 1410 1063 306 3452
930 975 1 3 1685 2245 401 4909
931 976 0 3 349 78 30 1406
932 976 0 2 350 81 35 1409
933 980 0 2 385 449 60 1816
934 980 1 3 43 12 24 1039
935 982 1 2 352 731 114 2068
936 984 1 4 785 1678 373 3452
937 985 0 2 355 78 31 1420
938 986 2 5 2136 4819 544 7948
939 990 1 3 2741 1170 294 4905
940 990 1 5 1309 2831 436 5136
941 992 1 4 3184 1046 862 5227
942 993 1 4 2037 1397 257 4432
943 995 2 5 1766 4906 704 7674
944 995 1 4 733 1057 200 2790
945 996 0 0 43 400 34 1439
946 996 1 4 798 1727 261 3526
947 998 1 2 391 2850 1214 4242
948 999 2 4 3442 4888 656 9335
949 1000 2 4 2265 2874 412 6145
950 1000 2 5 4164 4412 504 9583
951 1002 1 4 1976 1018 221 4001
952 1003 1 2 378 108 66 1492
953 1005 1 4 937 1566 235 3513
954 1008 0 5 124 568 52 1705
955 1010 2 5 1358 4746 500 7121
956 1012 0 3 399 368 105 1782
957 1015 0 4 998 789 152 2806
958 1019 0 3 396 441 94 1859
959 1023 2 4 2053 2132 406 5214
960 1023 0 3 36 669 87 1731
961 1029 0 6 102 1004 39 2141
962 1033 0 3 311 943 86 2290
963 1033 0 5 62 486 41 1586
964 1034 2 5 1611 4958 377 7610
965 1035 1 3 1431 830 169 3300
966 1038 1 4 772 1036 212 2851
967 1039 1 3 2560 1364 375 4967
968 1040 0 4 1319 1107 189 3470
969 1041 0 3 391 570 109 2005
970 1041 2 5 1072 4551 303 6671
971 1044 0 10 54 974 30 2082
972 1044 2 4 1169 4220 541 6439
973 1047 0 3 334 839 60 2223
974 1048 2 5 1384 4486 475 6925
975 1049 0 3 327 605 61 1984
976 1051 0 2 521 208 177 1782
977 1052 0 3 390 668 25 2113
978 1053 0 2 310 117 31 1482
979 1056 0 3 395 808 64 2262
980 1058 0 3 324 967 78 2352
981 1058 1 3 744 1672 332 3478
982 1060 0 6 365 2734 1802 4165
983 1060 1 4 1325 3690 406 6080
984 1068 1 3 3122 684 162 4878
985 1071 1 4 1609 1150 288 3835
986 1073 0 2 480 840 69 2395
987 1074 1 5 1243 4803 522 7126
988 1075 0 3 1092 1068 91 3238
989 1090 0 11 53 13 32 1167
990 1091 0 3 438 635 56 2167
991 1096 0 3 358 2140 78 3597
992 1096 0 16 1175 13 27 2300
993 1097 1 4 1084 2396 304 4582
994 1097 0 21 124 986 68 2228
995 1099 0 8 78 620 25 1805
996 1099 1 5 2470 5176 394 8751
997 1102 0 3 572 97 273 1774
998 1104 1 5 1583 2652 302 5345
999 1104 2 4 3150 4560 393 8820
1000 1105 2 4 2307 4702 461 8120
1001 1106 0 4 2011 1222 178 4343
1002 1106 0 4 354 1000 47 2464
1003 1106 0 7 70 20 130 1203
1004 1106 0 3 405 651 36 2165
1005 1107 2 4 1084 4689 425 6886
1006 1108 0 10 85 971 47 2174
1007 1110 0 11 119 1076 1842 2316
1008 1114 2 5 2790 4939 587 8850
1009 1120 1 5 1393 6283 501 8802
1010 1121 0 4 353 830 20 2308
1011 1123 1 5 1680 2691 310 5500
1012 1127 0 2 309 671 37 2109
1013 1127 0 14 53 822 57 2016
1014 1128 1 6 1313 5120 355 7568
1015 1134 2 5 1968 5338 439 8447
1016 1135 2 4 2050 5056 472 8247
1017 1135 1 3 643 750 157 2532
1018 1137 0 6 45 16 31 1204
1019 1141 0 3 342 494 40 1980
1020 1145 2 5 4862 5385 589 11399
1021 1149 0 3 308 591 112 2051
1022 1153 0 14 43 10 21 1220
1023 1153 0 4 1429 969 158 3555
1024 1153 0 2 355 445 1466 1955
1025 1155 2 5 1067 4888 515 7117
1026 1159 2 4 1093 4522 393 6780
1027 1161 0 3 295 72 72 1531
1028 1165 0 3 336 217 66 1721
1029 1166 0 1 307 60 23 1534
1030 1168 0 1 77 878 46 2124
1031 1171 0 3 309 380 44 1863
1032 1171 0 3 376 384 89 1934
1033 1175 0 2 311 930 55 2418
1034 1178 0 3 319 637 42 2137
1035 1179 0 2 1334 975 67 3490
1036 1180 0 3 380 599 53 2162
1037 1185 0 3 320 950 47 2458
1038 1186 0 3 304 115 33 1608
1039 1186 0 3 518 192 46 1899
1040 1194 1 5 1193 2664 381 5057
1041 1195 0 11 78 15 80 1299
1042 1196 0 3 363 1047 42 2609
1043 1200 0 1 44 669 95 1914
1044 1215 2 5 2035 5566 443 8823
1045 1216 0 3 41 12 24 1272
1046 1225 0 2 112 16 44 1355
1047 1226 0 3 419 2473 107 4121
1048 1227 0 2 365 742 57 2336
1049 1227 0 1 295 1200 110 2723
1050 1228 1 0 486 465 81 2180
1051 1230 0 3 617 31 43 1881
1052 1236 1 5 2119 2964 483 6325
1053 1242 0 1 59 404 85 1706
1054 1242 1 6 78 10 37 1337
1055 1244 0 7 43 961 46 2255
1056 1244 0 3 126 19 25 1392
1057 1245 2 5 1995 4601 448 7848
1058 1247 0 1 299 965 52 2512
1059 1249 0 4 55 14 71 1322
1060 1249 1 4 46 963 50 2263
1061 1254 0 6 20 675 205 1955
1062 1265 0 9 43 15 105 1332
1063 1268 0 6 55 13 23 1342
1064 1274 1 2 437 447 44 2161
1065 1276 0 1 75 975 24 2327
1066 1283 1 14 54 12 157 1364
1067 1285 1 4 1138 2308 310 4736
1068 1290 0 2 372 262 41 1926
1069 1307 0 5 351 1004 54 2667
1070 1308 0 2 301 66 34 1677
1071 1313 0 5 320 14 64 1652
1072 1322 0 2 396 379 27 2099
1073 1330 1 3 41 12 30 1387
1074 1336 0 6 32 820 42 2194
1075 1339 0 1 43 13 24 1396
1076 1343 0 13 50 14 51 1420
1077 1343 0 1 324 1130 22 2798
1078 1347 1 3 46 10 30 1407
1079 1348 0 2 399 669 74 2418
1080 1352 0 11 230 19 74 1612
1081 1355 0 22 71 12 154 1460
1082 1356 0 3 344 850 57 2553
1083 1357 2 5 1732 4947 620 8043
1084 1360 1 7 41 85 32 1494
1085 1373 0 7 341 129 38 1850
1086 1373 0 6 999 12 27 2390
1087 1381 0 15 70 11 50 1477
1088 1393 0 1 452 2376 165 4222
1089 1403 0 13 57 671 64 2144
1090 1409 0 6 91 11 1031 1517
1091 1415 0 6 1858 20 437 3299
1092 1434 0 18 50 12 32 1514
1093 1435 1 3 3161 762 147 5362
1094 1440 0 0 296 1490 31 3226
1095 1445 0 4 152 14 97 1615
1096 1448 0 2 311 717 61 2478
1097 1448 0 0 45 11 533 1504
1098 1451 0 3 316 795 40 2565
1099 1455 1 5 109 937 54 2507
1100 1456 0 3 413 471 436 2343
1101 1456 0 4 504 11 38 1975
1102 1460 0 4 46 699 61 2209
1103 1466 0 3 91 15 25 1575
1104 1466 0 1 57 822 143 2346
1105 1470 0 4 324 404 22 2202
1106 1470 0 7 74 13 30 1564
1107 1471 1 4 103 13 40 1592
1108 1479 0 2 775 418 41 2674
1109 1488 0 1 352 815 50 2656
1110 1489 0 4 42 12 21 1547
1111 1495 0 18 15 673 47 2201
1112 1495 0 4 93 22 212 1614
1113 1498 0 11 86 11 91 1606
1114 1498 0 14 43 10 25 1565
1115 1505 0 14 41 623 66 2183
1116 1516 0 11 37 19 52 1583
1117 1521 0 4 70 10 34 1605
1118 1523 1 7 70 24 66 1625
1119 1523 0 1 459 686 64 2669
1120 1525 0 0 94 13 26 1632
1121 1528 0 4 685 1643 82 3860
1122 1531 0 4 99 11 355 1645
1123 1543 0 0 17 12 22 1572
1124 1573 0 1 62 1015 70 2651
1125 1583 0 10 81 1645 35 3319
1126 1588 0 1 356 199 27 2144
1127 1591 0 16 63 22 64 1692
1128 1591 0 1 111 12 23 1715
1129 1599 0 1 337 238 346 2175
1130 1610 0 1 53 854 99 2518
1131 1611 0 3 388 449 46 2451
1132 1613 0 7 48 14 20 1682
1133 1615 1 0 50 2396 108 4062
1134 1627 0 5 99 12 40 1743
1135 1628 0 4 360 404 58 2396
1136 1638 0 1 67 22 158 1728
1137 1640 1 4 51 14 47 1710
1138 1643 0 13 627 561 67 2844
1139 1644 0 6 79 13 43 1742
1140 1646 0 4 379 1738 106 3767
1141 1649 0 1 372 1461 127 3483
1142 1649 0 1 377 502 76 2529
1143 1649 0 9 41 678 55 2377
1144 1657 0 17 163 13 32 1850
1145 1665 0 12 292 553 84 2522
1146 1666 0 3 397 1059 59 3125
1147 1671 0 1 88 14 1292 1774
1148 1673 1 3 122 18 55 1817
1149 1677 0 0 399 831 77 2907
1150 1681 0 4 110 13 24 1808
1151 1684 0 4 421 820 28 2929
1152 1692 0 8 295 634 109 2629
1153 1696 0 8 101 1170 29 2975
1154 1703 1 2 323 973 44 3002
1155 1705 0 13 58 13 72 1789
1156 1718 1 10 39 897 50 2665
1157 1718 0 0 119 14 43 1851
1158 1723 0 3 1880 37 117 3643
1159 1726 0 3 320 1157 48 3206
1160 1728 0 1 41 11 40 1781
1161 1735 0 21 90 30 101 1876
1162 1738 0 4 74 14 38 1830
1163 1743 0 1 21 11 45 1776
1164 1766 0 4 50 12 24 1832
1165 1775 0 2 405 733 40 2915
1166 1778 0 4 52 12 45 1846
1167 1792 0 1 302 653 60 2748
1168 1796 0 1 608 16 67 2421
1169 1798 0 1 24 20 42 1843
1170 1814 0 8 68 12 77 1902
1171 1824 0 1 370 901 103 3096
1172 1824 0 2 412 1331 113 3569
1173 1828 0 1 23 17 39 1869
1174 1828 0 6 259 898 57 2991
1175 1828 0 1 63 1110 55 3002
1176 1835 0 10 81 971 44 2897
1177 1843 1 1 339 663 36 2847
1178 1849 1 3 43 12 66 1908
1179 1849 0 12 178 17 42 2056
1180 1853 0 4 93 25 78 1975
1181 1856 0 4 124 17 34 2001
1182 1857 0 2 119 18 157 1996
1183 1864 0 2 71 14 31 1951
1184 1865 0 4 48 24 64 1941
1185 1887 0 18 163 1101 28 3169
1186 1913 1 4 1666 2522 503 6106
1187 1920 0 1 337 1492 58 3750
1188 1922 0 4 78 13 87 2017
1189 1923 0 12 106 1141 92 3182
1190 1926 0 3 88 26 162 2043
1191 1928 0 1 84 1174 50 3187
1192 1928 0 1 3315 1445 310 6689
1193 1934 0 1 454 1066 95 3455
1194 1935 0 1 329 1002 47 3267
1195 1942 0 0 127 18 92 2087
1196 1942 0 1 17 15 40 1975
1197 1942 0 4 47 12 51 2005
1198 1945 0 8 17 664 58 2634
1199 1945 0 15 305 23 61 2288
1200 1949 0 0 43 15 47 2007
1201 1951 1 4 787 2564 503 5307
1202 1951 0 4 60 19 28 2034
1203 1961 0 3 133 34 48 2131
1204 1966 0 4 80 12 24 2062
1205 1982 0 1 70 1350 69 3403
1206 1985 0 4 329 1696 88 4014
1207 1989 0 16 1509 1034 45 4548
1208 1992 0 1 370 1267 83 3630
1209 1999 0 4 78 12 23 2093
1210 2001 0 9 41 13 20 2064
1211 2009 0 1 43 1812 107 3865
1212 2010 0 1 218 15 58 2244
1213 2015 0 0 105 966 69 3086
1214 2016 2 5 1729 4870 237 8622
1215 2027 0 4 82 14 50 2127
1216 2028 1 0 297 887 27 3213
1217 2036 0 14 72 13 43 2135
1218 2051 0 4 856 25 57 2936
1219 2051 0 3 372 402 50 2828
1220 2051 0 1 17 13 30 2082
1221 2063 0 1 316 684 62 3064
1222 2066 1 3 100 19 49 2189
1223 2077 0 9 35 1134 50 3255
1224 2081 0 16 66 338 47 2501
1225 2082 0 5 100 13 25 2200
1226 2089 0 16 46 12 21 2163
1227 2094 0 16 53 1088 50 3251
1228 2095 0 12 49 11 92 2167
1229 2096 0 1 336 2620 874 5053
1230 2100 0 11 59 991 53 3161
1231 2107 0 1 77 1593 51 3778
1232 2109 0 1 73 1541 34 3724
1233 2121 0 4 118 13 117 2256
1234 2124 0 4 66 13 36 2207
1235 2128 0 13 51 13 64 2205
1236 2132 0 14 87 1140 33 3373
1237 2132 0 12 47 10 25 2201
1238 2133 0 13 56 899 48 3101
1239 2134 0 0 34 11 42 2179
1240 2138 0 1 319 1004 27 3462
1241 2145 0 4 89 25 47 2263
1242 2148 0 4 375 566 67 3093
1243 2156 0 15 97 12 56 2280
1244 2157 1 2 422 20 59 2602
1245 2158 0 2 316 972 105 3448
1246 2161 0 14 48 24 46 2247
1247 2165 0 1 293 1208 22 3667
1248 2166 0 1 167 1529 30 3863
1249 2169 1 11 81 14 55 2276
1250 2172 0 0 208 1054 27 3434
1251 2177 0 15 62 586 104 2840
1252 2180 0 12 356 14 28 2562
1253 2181 0 4 370 2370 79 4925
1254 2191 0 4 69 12 47 2276
1255 2197 0 18 114 14 49 2343
1256 2206 0 5 322 1336 29 3869
1257 2211 0 4 51 14 56 2280
1258 2215 0 0 43 14 26 2272
1259 2215 0 4 153 16 39 2388
1260 2215 0 21 48 16 34 2300
1261 2216 0 4 66 14 42 2300
1262 2217 0 16 101 15 58 2349
1263 2220 0 18 44 17 48 2299
1264 2221 0 15 67 2520 70 4823
1265 2224 0 3 38 510 128 2775
1266 2230 0 9 22 1245 168 3506
1267 2234 0 4 127 22 46 2387
1268 2234 0 16 162 15 30 2427
1269 2240 0 1 377 2766 141 5384
1270 2244 2 5 2278 4588 617 9117
1271 2245 0 0 28 15 68 2288
1272 2246 1 4 69 11 42 2331
1273 2258 1 0 47 13 59 2319
1274 2265 0 0 58 14 37 2337
1275 2267 0 4 46 13 25 2330
1276 2272 0 5 77 14 44 2368
1277 2274 1 4 52 13 25 2344
1278 2276 0 4 42 14 55 2336
1279 2277 0 4 95 12 28 2388
1280 2277 0 3 96 19 36 2395
1281 2282 0 0 502 19 70 2803
1282 2283 0 14 72 12 26 2381
1283 2288 0 1 375 1107 40 3771
1284 2289 0 4 141 16 57 2450
1285 2291 0 1 111 1126 22 3529
1286 2302 0 4 80 13 65 2399
1287 2306 0 4 53 16 36 2379
1288 2320 0 11 58 1030 22 3419
1289 2326 0 1 23 13 28 2363
1290 2326 0 1 92 1142 36 3561
1291 2327 1 4 2468 2270 420 7070
1292 2333 0 20 83 1535 52 3971
1293 2336 0 16 41 14 50 2407
1294 2346 1 13 614 13 20 2987
1295 2348 0 5 312 1596 125 4261
1296 2351 0 4 416 117 75 2888
1297 2352 0 8 54 18 186 2432
1298 2361 0 12 51 42 187 2466
1299 2367 0 3 386 68 31 2824
1300 2373 0 1 343 885 46 3602
1301 2374 0 3 66 16 52 2459
1302 2380 0 1 186 17 50 2584
1303 2381 0 4 125 13 42 2523
1304 2384 0 12 67 988 86 3451
1305 2384 0 4 74 12 41 2474
1306 2386 0 1 537 2434 35 5358
1307 2387 0 10 47 839 37 3283
1308 2388 0 4 148 27 71 2567
1309 2389 0 4 395 1371 85 4159
1310 2394 0 0 104 16 55 2514
1311 2402 0 0 582 558 38 3542
1312 2404 0 1 68 2750 79 5223
1313 2405 0 1 50 14 44 2470
1314 2409 0 1 449 2159 26 5018
1315 2410 0 21 744 1126 29 4301
1316 2412 0 2 728 18 41 3160
1317 2418 0 0 106 752 99 3276
1318 2420 0 12 58 11 68 2501
1319 2434 0 1 311 1080 605 3826
1320 2437 0 17 45 14 32 2513
1321 2442 0 1 51 1102 53 3596
1322 2452 0 1 181 1135 54 3769
1323 2465 0 1 77 821 39 3364
1324 2471 0 15 69 883 99 3438
1325 2476 0 1 302 1142 41 3921
1326 2479 0 1 312 1084 47 3876
1327 2480 0 1 73 1893 104 4447
1328 2483 0 1 294 627 32 3405
1329 2485 0 13 115 1982 117 4595
1330 2487 0 1 33 26 38 2547
1331 2499 0 19 71 13 50 2602
1332 2503 1 20 42 13 57 2579
1333 2507 0 0 81 17 48 2605
1334 2535 0 7 76 15 43 2633
1335 2536 0 4 245 12 48 2797
1336 2539 0 9 424 760 57 3732
1337 2546 0 14 167 17 111 2744
1338 2549 0 1 66 1063 64 3679
1339 2552 0 7 45 1932 70 4536
1340 2552 0 1 427 1292 101 4272
1341 2552 0 15 57 1204 42 3828
1342 2553 1 0 40 497 58 3091
1343 2555 0 2 402 751 1070 3710
1344 2558 0 16 43 16 25 2633
1345 2564 0 1 25 13 67 2603
1346 2565 0 28 61 15 1176 2669
1347 2571 0 5 72 1652 35 4300
1348 2576 1 12 58 2202 68 4849
1349 2577 0 3 109 11 84 2700
1350 2579 0 5 73 15 36 2672
1351 2583 0 5 50 14 31 2652
1352 2586 0 1 27 13 51 2627
1353 2587 0 1 47 603 39 3238
1354 2595 0 9 100 947 44 3651
1355 2604 0 1 348 678 27 3631
1356 2609 1 1 61 1651 91 4323
1357 2611 0 4 40 12 754 2667
1358 2614 0 1 51 627 22 3293
1359 2616 0 16 259 21 28 2912
1360 2619 1 2 1412 829 30 4863
1361 2626 0 19 872 2189 54 5706
1362 2637 0 1 295 1370 59 4303
1363 2637 0 24 234 16 87 2911
1364 2642 0 19 62 16 114 2739
1365 2657 0 1 179 2178 97 5015
1366 2659 0 16 70 17 100 2762
1367 2660 0 1 115 1559 136 4335
1368 2664 0 8 143 3548 53 6363
1369 2665 0 0 79 16 42 2760
1370 2668 0 14 15 2390 160 5087
1371 2677 0 1 2652 811 53 6141
1372 2679 0 10 91 1919 65 4699
1373 2680 0 1 295 2126 46 5102
1374 2681 0 22 130 22 56 2855
1375 2685 0 12 66 15 1306 2778
1376 2690 1 1 452 1245 73 4389
1377 2691 0 22 65 18 153 2796
1378 2726 0 1 58 2003 100 4788
1379 2727 0 0 448 2659 86 5834
1380 2737 0 0 444 1044 89 4225
1381 2743 0 0 19 16 37 2778
1382 2743 1 14 57 11 22 2826
1383 2747 0 3 515 14 95 3279
1384 2748 1 0 63 1550 31 4362
1385 2755 0 4 569 22 47 3350
1386 2755 0 1 77 21 185 2854
1387 2758 0 1 126 1823 38 4708
1388 2762 0 1 169 19 76 2951
1389 2762 0 1 51 512 24 3326
1390 2763 0 18 24 2370 106 5175
1391 2778 0 5 74 1386 123 4243
1392 2779 0 5 52 14 69 2850
1393 2782 1 4 232 14 28 3033
1394 2784 0 3 79 13 85 2879
1395 2795 1 1 732 213 121 3742
1396 2797 0 22 50 13 170 2882
1397 2800 0 17 17 1035 26 3869
1398 2801 0 0 70 444 76 3315
1399 2813 0 1 63 1346 70 4223
1400 2815 1 11 770 2000 133 5597
1401 2824 0 1 323 1679 65 4827
1402 2826 1 18 97 1075 81 4017
1403 2844 0 19 209 22 80 3094
1404 2852 0 1 150 760 53 3763
1405 2857 0 4 232 23 69 3116
1406 2861 0 0 85 21 61 2967
1407 2865 0 11 30 775 66 3681
1408 2866 1 0 355 791 131 4013
1409 2870 0 13 59 916 156 3858
1410 2875 0 11 197 14 118 3097
1411 2876 0 12 90 1259 46 4237
1412 2881 0 8 23 969 45 3881
1413 2889 0 1 305 1694 45 4889
1414 2890 0 13 136 12 47 3051
1415 2893 0 10 126 1987 73 5016
1416 2901 0 16 142 11 45 3070
1417 2904 1 15 69 1829 271 4818
1418 2906 0 1 309 1126 97 4342
1419 2911 0 0 27 15 36 2953
1420 2911 0 1 51 12 42 2975
1421 2918 0 1 334 1381 32 4634
1422 2920 0 10 142 1959 54 5031
1423 2923 0 0 40 1070 30 4033
1424 2932 0 1 326 1484 87 4743
1425 2932 0 1 89 995 54 4017
1426 2936 0 14 104 1617 62 4671
1427 2945 0 12 45 11 42 3013
1428 2946 0 13 116 3599 102 6674
1429 2953 0 1 354 445 21 3753
1430 2957 0 1 87 1998 97 5043
1431 2962 0 0 25 14 50 3001
1432 2962 0 1 78 1497 68 4538
1433 2963 0 1 1805 1000 84 5769
1434 2969 0 12 84 1295 63 4360
1435 2969 0 20 97 15 31 3101
1436 2971 0 24 75 1782 143 4852
1437 2990 0 1 89 2164 119 5244
1438 2994 0 1 67 2497 98 5559
1439 3000 0 19 75 15 27 3109
1440 3003 0 15 70 14 71 3102
1441 3005 0 1 43 14 41 3063
1442 3012 0 14 201 1444 44 4671
1443 3012 0 20 256 17 63 3305
1444 3018 1 0 28 14 113 3061
1445 3021 0 1 45 14 45 3081
1446 3024 0 13 961 1246 21 5244
1447 3035 0 12 93 1430 59 4570
1448 3040 0 18 37 18 70 3113
1449 3051 0 1 389 658 36 4099
1450 3052 0 11 81 1932 65 5076
1451 3054 0 1 80 1757 808 4892
1452 3058 0 1 374 2429 103 5862
1453 3068 0 16 118 2076 1380 5278
1454 3080 0 19 80 13 27 3192
1455 3080 0 11 15 2464 80 5570
1456 3081 1 8 89 15 39 3194
1457 3085 0 17 96 1737 54 4935
1458 3085 0 16 62 788 74 3951
1459 3098 0 21 80 18 30 3217
1460 3103 0 15 91 1533 29 4742
1461 3105 0 10 74 1513 90 4702
1462 3111 1 17 99 560 42 3788
1463 3113 0 0 23 14 113 3150
1464 3115 0 0 377 1431 81 4923
1465 3120 0 1 64 1253 51 4438
1466 3124 0 3 140 3144 157 6411
1467 3125 0 1 388 979 54 4493
1468 3126 0 1 1020 836 59 4983
1469 3134 0 13 78 1196 47 4421
1470 3137 1 0 388 1072 38 4598
1471 3145 0 23 285 1692 56 5145
1472 3168 0 1 328 712 36 4209
1473 3176 0 1 303 1707 106 5187
1474 3177 0 16 48 11 111 3252
1475 3179 0 19 83 14 55 3295
1476 3182 0 18 83 1179 50 4462
1477 3183 0 11 110 2496 71 5800
1478 3196 0 0 34 15 51 3245
1479 3203 0 4 121 12 806 3340
1480 3206 0 4 159 14 31 3383
1481 3217 1 14 26 1629 59 4887
1482 3222 0 1 357 2646 66 6226
1483 3230 0 14 119 1776 71 5139
1484 3243 0 3 566 25 26 3837
1485 3245 0 17 55 13 82 3330
1486 3245 0 4 42 11 54 3302
1487 3247 0 23 1131 13 38 4414
1488 3248 0 1 47 1231 147 4527
1489 3250 0 19 112 2764 137 6145
1490 3258 1 10 83 1422 40 4774
1491 3260 0 1 776 1490 96 5527
1492 3271 0 1 60 1250 37 4582
1493 3273 0 21 67 15 28 3376
1494 3283 0 1 76 343 77 3703
1495 3295 0 10 364 1352 280 5021
1496 3295 0 26 58 14 25 3393
1497 3299 0 0 128 14 65 3441
1498 3300 0 4 55 21 609 3380
1499 3307 0 1 70 23 55 3401
1500 3308 0 1 98 22 27 3429
1501 3317 0 4 80 11 62 3412
1502 3321 0 1 314 1390 81 5026
1503 3331 0 16 511 15 36 3873
1504 3333 0 1 398 1576 47 5308
1505 3339 0 15 349 938 108 4641
1506 3342 0 1 44 1776 39 5163
1507 3346 0 4 50 21 40 3421
1508 3348 1 0 85 1354 49 4788
1509 3349 0 1 90 1184 267 4624
1510 3359 0 5 75 13 53 3452
1511 3361 1 0 77 2291 309 5730
1512 3373 0 12 73 12 145 3470
1513 3376 0 4 414 11 40 3805
1514 3392 0 12 113 16 35 3533
1515 3396 0 19 68 22 127 3505
1516 3428 0 1 66 10 614 3505
1517 3429 0 4 169 21 26 3623
1518 3439 0 1 261 17 290 3718
1519 3440 0 4 41 14 60 3499
1520 3441 0 1 87 1533 58 5062
1521 3445 0 1 367 1326 118 5139
1522 3448 0 1 305 1829 70 5583
1523 3452 1 16 46 13 38 3528
1524 3452 0 4 70 13 46 3539
1525 3466 0 6 44 11 26 3527
1526 3473 0 24 46 13 22 3556
1527 3485 0 0 442 1447 83 5374
1528 3489 0 1 374 916 43 4780
1529 3494 0 1 76 1689 77 5260
1530 3499 0 16 35 641 37 4191
1531 3506 0 4 122 13 27 3645
1532 3508 0 1 52 1104 364 4665
1533 3509 0 19 101 1815 50 5444
1534 3509 0 1 418 1342 87 5270
1535 3512 0 21 181 16 45 3730
1536 3512 0 12 128 1107 31 4759
1537 3514 0 0 306 1880 33 5700
1538 3515 0 1 304 1419 427 5239
1539 3515 0 16 157 2081 99 5769
1540 3518 0 0 30 24 30 3572
1541 3526 0 16 51 784 103 4377
1542 3527 0 2 92 669 158 4290
1543 3531 0 12 116 1143 43 4802
1544 3535 0 3 49 11 24 3598
1545 3540 0 10 154 1773 98 5477
1546 3541 0 16 101 1836 134 5494
1547 3543 0 1 391 477 59 4412
1548 3551 0 18 65 13 59 3647
1549 3561 0 4 64 12 80 3641
1550 3564 0 1 329 2794 135 6688
1551 3571 0 1 62 2155 99 5789
1552 3573 0 1 221 2352 64 6147
1553 3581 0 22 135 17 110 3755
1554 3586 0 22 57 1433 61 5098
1555 3591 0 16 66 1402 35 5075
1556 3595 0 11 131 1482 82 5219
1557 3604 1 0 37 14 34 3656
1558 3608 0 23 65 14 32 3710
1559 3614 0 1 426 850 72 4891
1560 3624 0 12 68 17 80 3721
1561 3633 0 1 83 26 45 3743
1562 3640 0 1 1991 1727 91 7359
1563 3640 0 1 33 15 41 3689
1564 3650 0 0 20 11 23 3681
1565 3677 0 1 36 15 22 3729
1566 3680 0 17 77 559 33 4333
1567 3691 0 15 67 15 115 3788
1568 3698 0 10 497 1245 26 5450
1569 3699 0 1 469 631 60 4800
1570 3707 0 17 127 1734 38 5585
1571 3721 0 15 83 1122 53 4941
1572 3730 0 15 37 24 143 3806
1573 3738 0 18 80 3388 80 7224
1574 3742 0 4 150 14 32 3910
1575 3743 0 1 110 2254 92 6108
1576 3745 1 0 369 2979 48 7094
1577 3753 0 1 1057 26 28 4837
1578 3760 0 4 40 12 53 3816
1579 3765 0 1 305 1814 35 5885
1580 3765 0 0 22 17 27 3804
1581 3771 0 4 46 15 46 3836
1582 3788 0 12 82 2348 73 6230
1583 3788 0 1 39 21 69 3849
1584 3788 0 12 120 1104 86 5024
1585 3794 0 1 398 1720 37 5913
1586 3794 0 1 371 1483 36 5649
1587 3795 0 8 77 1445 66 5325
1588 3797 0 5 76 13 40 3891
1589 3800 0 1 59 13 32 3873
1590 3807 0 12 16 1993 33 5828
1591 3808 0 4 43 13 109 3868
1592 3816 1 0 79 1779 76 5675
1593 3818 0 0 75 14 57 3907
1594 3827 0 13 100 3143 615 7083
1595 3830 0 20 155 17 53 4022
1596 3830 0 1 400 2487 56 6718
1597 3832 0 26 82 2407 180 6347
1598 3834 0 1 363 1046 142 5244
1599 3845 0 34 65 1960 594 5904
1600 3854 0 4 43 13 296 3914
1601 3855 0 5 125 15 50 4000
1602 3859 0 1 81 1576 78 5517
1603 3869 0 15 58 13 32 3955
1604 3877 0 13 54 2008 125 5952
1605 3878 0 0 105 13 38 3996
1606 3885 0 15 126 2507 117 6533
1607 3885 0 1 72 2016 37 5974
1608 3888 0 1 122 2648 58 6659
1609 3898 0 4 92 31 36 4025
1610 3898 0 1 34 17 51 3950
1611 3899 0 1 457 1720 72 6077
1612 3902 0 16 54 14 73 3986
1613 3904 0 14 106 1565 163 5589
1614 3905 0 1 89 1082 104 5077
1615 3917 1 1 129 813 21 4861
1616 3919 0 0 86 22 25 4027
1617 3923 0 13 84 2687 88 6707
1618 3925 0 4 49 10 28 3988
1619 3925 0 0 19 14 47 3958
1620 3935 0 1 108 2818 39 6862
1621 3936 1 4 61 15 41 4017
1622 3936 0 4 42 12 64 3994
1623 3943 0 4 50 14 115 4011
1624 3952 0 19 83 2519 56 6573
1625 3954 0 25 81 13 70 4073
1626 3954 0 1 528 2513 84 6996
1627 3962 0 5 61 11 89 4039
1628 3964 0 23 101 2568 32 6656
1629 3968 0 5 115 13 44 4101
1630 3976 0 1 22 15 24 4014
1631 3983 0 21 114 2424 47 6542
1632 3986 0 1 23 17 69 4027
1633 3990 0 1 26 15 41 4032
1634 3999 0 1 351 1660 171 6011
1635 4000 0 10 257 1091 33 5358
1636 4013 0 12 131 2120 49 6276
1637 4014 0 22 112 1167 46 5315
1638 4019 0 1 398 1752 80 6170
1639 4025 0 26 54 16 58 4121
1640 4034 0 0 37 30 152 4101
1641 4037 0 23 70 15 22 4145
1642 4046 0 14 68 1426 35 5554
1643 4052 0 15 111 1581 56 5759
1644 4057 0 0 71 2202 27 6330
1645 4072 0 1 540 2832 91 7445
1646 4073 1 17 67 31 24 4189
1647 4075 0 19 56 1360 30 5510
1648 4076 1 0 102 9 304 4188
1649 4078 0 1 355 1643 59 6077
1650 4105 0 0 30 12 29 4147
1651 4106 0 0 24 17 96 4147
1652 4125 0 1 378 1537 105 6041
1653 4126 0 14 396 1948 69 6484
1654 4134 0 1 293 2166 779 6594
1655 4148 0 0 50 18 61 4216
1656 4154 0 14 24 1496 78 5688
1657 4162 0 1 332 4398 88 8893
1658 4170 0 1 19 13 42 4203
1659 4175 0 1 312 2831 78 7319
1660 4178 0 1 87 3962 122 8228
1661 4189 1 18 121 2674 131 7003
1662 4192 0 0 31 18 55 4241
1663 4200 0 1 94 1521 140 5816
1664 4208 0 17 77 13 22 4315
1665 4210 0 1 319 740 47 5270
1666 4217 0 22 99 1468 84 5806
1667 4227 0 1 134 2966 38 7328
1668 4242 0 1 41 21 30 4305
1669 4251 0 17 81 1706 78 6055
1670 4263 1 13 124 1475 59 5876
1671 4264 0 1 304 2429 62 6998
1672 4268 0 16 84 15 34 4383
1673 4272 0 19 54 10 40 4355
1674 4275 0 1 43 72 83 4391
1675 4277 0 2 118 3965 88 8362
1676 4278 0 8 117 12 32 4415
1677 4286 0 1 94 1456 77 5837
1678 4290 0 17 145 2442 124 6894
1679 4300 1 0 266 42 92 4609
1680 4303 0 0 392 1448 76 6143
1681 4330 0 1 349 3538 85 8218
1682 4333 0 0 28 13 2543 4374
1683 4336 0 1 21 13 47 4371
1684 4343 0 1 389 1390 101 6123
1685 4343 0 1 55 14 62 4413
1686 4363 0 15 64 13 24 4455
1687 4372 1 0 362 529 48 5264
1688 4385 0 19 532 3735 57 8671
1689 4390 0 16 43 14 29 4463
1690 4393 1 3 59 15 73 4471
1691 4414 0 25 65 14 37 4518
1692 4421 0 4 69 18 47 4512
1693 4421 0 1 409 972 80 5803
1694 4422 0 4 62 15 46 4503
1695 4423 0 1 123 3305 84 7852
1696 4447 0 4 47 32 50 4530
1697 4452 0 10 110 2443 72 7015
1698 4457 1 19 280 15 229 4772
1699 4457 0 15 103 1581 34 6156
1700 4461 0 1 306 3462 52 8230
1701 4463 0 1 23 14 46 4501
1702 4463 0 16 79 11 57 4569
1703 4466 1 0 321 1829 78 6617
1704 4493 0 22 36 10 19 4561
1705 4504 0 1 28 12 31 4545
1706 4509 0 27 67 15 42 4618
1707 4509 0 0 23 11 32 4543
1708 4518 0 18 44 11 27 4591
1709 4520 0 22 36 13 95 4591
1710 4529 0 16 79 1479 107 6103
1711 4531 0 1 131 4932 105 9595
1712 4534 0 2 369 2256 106 7161
1713 4535 0 1 89 3280 47 7905
1714 4536 0 1 422 1832 47 6791
1715 4541 1 1 154 1679 219 6376
1716 4542 0 22 138 19 305 4721
1717 4542 0 20 100 28 29 4690
1718 4560 0 22 87 1537 56 6206
1719 4562 0 1 64 1444 42 6071
1720 4565 0 1 73 1767 22 6406
1721 4565 0 20 110 2924 215 7619
1722 4567 0 16 56 1781 69 6420
1723 4573 0 24 58 14 180 4669
1724 4590 0 1 385 3188 107 8164
1725 4593 0 27 54 18 36 4692
1726 4594 0 2 108 1365 46 6069
1727 4607 0 20 26 1744 54 6397
1728 4607 0 1 55 15 67 4678
1729 4615 0 16 62 1435 47 6128
1730 4620 0 1 390 2117 32 7128
1731 4625 0 1 113 2478 356 7217
1732 4634 0 1 395 1402 54 6432
1733 4637 1 16 84 1036 49 5774
1734 4637 0 15 650 28 66 5330
1735 4655 0 1 4005 2335 94 10996
1736 4663 0 13 33 28 38 4737
1737 4677 0 0 32 13 53 4722
1738 4678 0 20 17 2239 39 6954
1739 4679 0 27 97 1655 51 6458
1740 4697 0 1 379 1845 69 6922
1741 4699 0 0 27 18 82 4744
1742 4706 0 26 43 17 42 4792
1743 4711 0 1 320 3740 51 8772
1744 4715 0 1 783 1683 49 7182
1745 4719 0 20 34 14 49 4787
1746 4725 0 14 117 17 59 4873
1747 4725 4 1 308 2815 45 7853
1748 4738 0 1 83 3096 38 7918
1749 4738 0 1 107 1795 50 6641
1750 4744 0 1 86 4272 83 9103
1751 4744 0 4 38 13 19 4799
1752 4749 0 1 91 2302 38 7143
1753 4755 0 1 332 2979 151 8067
1754 4765 0 4 371 17 71 5157
1755 4783 0 4 65 15 41 4867
1756 4787 0 4 53 12 69 4856
1757 4789 0 1 41 19 32 4850
1758 4793 0 26 76 35 41 4930
1759 4794 0 4 72 36 97 4906
1760 4822 0 1 104 15 646 4942
1761 4822 0 0 27 14 64 4863
1762 4825 0 25 187 12 28 5049
1763 4850 0 29 98 1352 335 6329
1764 4861 0 19 50 15 27 4945
1765 4862 0 1 45 13 25 4921
1766 4880 0 1 392 1805 28 7078
1767 4885 0 1 29 25 91 4940
1768 4889 0 0 21 15 50 4925
1769 4890 1 0 295 3114 197 8300
1770 4892 0 5 44 13 110 4954
1771 4906 0 1 311 1132 84 6350
1772 4907 0 30 92 1817 383 6846
1773 4923 0 4 416 3928 64 9271
1774 4923 0 3 73 11 29 5010
1775 4923 0 20 118 1580 44 6641
1776 4926 0 26 39 16 49 5007
1777 4940 0 1 30 28 37 4999
1778 4942 0 4 131 13 144 5090
1779 4951 0 2 136 2880 88 7969
1780 4952 0 4 409 15 67 5380
1781 4963 0 5 48 18 40 5034
1782 4969 0 5 49 16 83 5039
1783 4972 0 4 71 16 41 5063
1784 4984 0 1 38 14 52 5037
1785 4997 0 1 448 1688 38 7134
1786 4998 0 17 94 2021 211 7130
1787 5002 0 2 307 2853 54 8164
1788 5008 0 1 542 12 79 5563
1789 5011 0 1 23 16 69 5051
1790 5012 0 19 546 14 59 5591
1791 5018 0 1 300 2314 36 7633
1792 5020 0 28 236 17 103 5301
1793 5024 0 28 62 13 86 5127
1794 5027 0 1 85 1607 36 6720
1795 5030 0 1 332 2150 52 7513
1796 5031 1 1 94 2017 41 7144
1797 5045 0 1 342 1996 99 7384
1798 5045 1 3 93 14 29 5156
1799 5048 0 23 180 3659 110 8910
1800 5058 0 0 442 1631 48 7131
1801 5060 1 4 51 17 44 5133
1802 5070 0 1 103 2420 39 7594
1803 5072 0 0 69 12 110 5153
1804 5075 0 32 147 22 48 5276
1805 5079 0 23 18 2125 281 7245
1806 5080 0 12 68 11 233 5171
1807 5080 1 4 174 21 29 5280
1808 5090 1 12 58 1585 1675 6746
1809 5093 0 4 44 14 102 5155
1810 5108 0 17 100 1766 185 6991
1811 5108 0 1 348 2582 116 8039
1812 5110 0 1 1235 3485 71 9831
1813 5122 0 2 116 2209 35 7449
1814 5128 0 1 196 5215 142 10540
1815 5133 1 4 29 17 89 5184
1816 5140 0 4 129 26 62 5299
1817 5142 0 25 24 4001 75 9192
1818 5148 1 4 43 13 22 5209
1819 5161 0 4 559 18 30 5742
1820 5162 0 1 172 1042 33 6377
1821 5167 0 5 67 13 29 5252
1822 5179 0 1 100 1354 62 6634
1823 5181 0 7 66 13 69 5267
1824 5181 0 4 109 15 49 5309
1825 5186 0 4 1220 17 43 6427
1826 5189 0 18 103 23 80 5333
1827 5192 0 0 23 18 47 5233
1828 5193 0 5 49 19 51 5266
1829 5199 1 4 136 16 66 5356
1830 5209 0 15 185 1610 69 7019
1831 5217 0 18 52 1580 65 6867
1832 5221 0 5 76 16 35 5318
1833 5225 0 15 89 1291 54 6620
1834 5248 0 1 35 18 71 5302
1835 5266 0 2 81 1596 29 6945
1836 5269 0 1 503 1698 48 7471
1837 5276 0 1 426 2457 30 8160
1838 5279 0 13 29 20 125 5341
1839 5282 0 22 82 22 59 5408
1840 5286 0 25 143 3283 44 8737
1841 5294 0 22 151 17 96 5484
1842 5296 0 17 59 28 747 5400
1843 5307 0 5 76 11 134 5399
1844 5319 0 1 90 3924 62 9334
1845 5322 0 5 57 13 42 5397
1846 5330 0 0 42 15 75 5387
1847 5333 0 0 35 34 84 5402
1848 5347 0 1 294 1952 76 7594
1849 5353 0 0 46 22 49 5421
1850 5354 0 1 398 2475 41 8228
1851 5363 0 20 66 22 101 5471
1852 5367 0 5 40 13 45 5425
1853 5379 0 1 31 16 112 5427
1854 5381 0 4 42 13 74 5440
1855 5384 0 1 23 15 61 5423
1856 5388 0 20 18 2686 35 8112
1857 5389 0 1 26 16 92 5432
1858 5393 0 5 85 12 35 5495
1859 5394 0 1 106 2159 31 7660
1860 5398 1 31 188 1494 46 7112
1861 5400 1 4 39 27 38 5471
1862 5402 0 14 88 1323 189 6827
1863 5416 0 20 74 14 87 5524
1864 5423 0 5 254 13 33 5695
1865 5430 0 4 52 17 66 5503
1866 5434 0 1 110 1839 68 7384
1867 5445 0 1 62 15 91 5523
1868 5446 0 1 302 1948 27 7697
1869 5463 0 1 106 3336 138 8906
1870 5464 0 1 30 14 38 5509
1871 5474 0 20 147 18 75 5659
1872 5481 0 18 99 2835 35 8433
1873 5503 0 0 28 13 33 5544
1874 5510 0 16 43 12 24 5581
1875 5513 0 1 78 1651 56 7243
1876 5516 0 1 355 1247 101 7119
1877 5521 0 4 36 13 48 5574
1878 5522 0 4 37 34 34 5597
1879 5525 0 0 419 1000 57 6944
1880 5526 0 1 32 18 39 5577
1881 5537 0 1 18 16 107 5572
1882 5572 0 1 18 15 43 5606
1883 5573 1 2 471 1800 36 7847
1884 5579 0 23 131 3325 52 9058
1885 5581 0 2 115 1129 32 6827
1886 5611 0 1 72 1872 36 7556
1887 5620 0 5 60 14 33 5699
1888 5625 0 23 296 2469 51 8413
1889 5626 0 1 300 1170 49 7097
1890 5644 0 25 83 22 142 5774
1891 5645 0 5 51 16 39 5717
1892 5649 0 1 45 43 70 5738
1893 5656 0 0 31 14 936 5701
1894 5671 0 1 293 1868 78 7833
1895 5678 0 1 426 2729 210 8834
1896 5693 0 25 43 18 48 5779
1897 5702 0 25 49 18 28 5794
1898 5704 0 0 225 45 150 5974
1899 5725 0 1 21 14 45 5761
1900 5725 0 1 125 3800 61 9651
1901 5731 0 1 101 2783 41 8616
1902 5745 0 32 717 23 40 6517
1903 5751 0 13 49 14 96 5827
1904 5764 0 1 50 32 130 5847
1905 5764 0 18 118 4478 117 10378
1906 5766 0 1 450 1806 49 8023
1907 5770 0 1 305 4244 111 10320
1908 5783 0 2 99 1703 27 7587
1909 5791 0 27 125 16 71 5959
1910 5795 1 1 156 2825 24 8778
1911 5798 0 0 513 15 41 6326
1912 5804 0 5 76 16 124 5901
1913 5815 0 31 99 17 219 5962
1914 5816 0 21 105 6143 230 12085
1915 5831 0 4 590 16 136 6441
1916 5831 0 1 36 24 69 5892
1917 5842 0 1 302 1986 89 8131
1918 5871 0 22 1582 20 52 7495
1919 5878 0 4 43 18 96 5943
1920 5884 0 38 82 24 118 6028
1921 5889 0 0 511 18 53 6418
1922 5898 0 1 429 3008 78 9336
1923 5904 0 1 31 21 146 5957
1924 5904 1 0 23 16 48 5944
1925 5906 1 4 61 11 105 5983
1926 5921 0 4 187 22 88 6134
1927 5944 1 3 62 20 116 6030
1928 5953 0 33 48 22 77 6056
1929 5963 0 1 317 3759 281 10040
1930 5967 0 27 56 30 148 6080
1931 5974 0 5 127 15 24 6121
1932 5979 0 1 127 3780 57 9887
1933 5983 0 1 583 2043 55 8610
1934 5988 0 1 876 3067 38 9932
1935 5989 0 4 394 14 33 6401
1936 5992 0 22 89 19 50 6122
1937 5993 0 17 102 14 93 6126
1938 6012 0 6 759 1629 48 8406
1939 6015 0 1 418 2339 33 8773
1940 6023 1 25 70 25 86 6144
1941 6038 1 23 80 16 46 6158
1942 6046 0 5 47 35 105 6133
1943 6097 0 1 31 19 56 6148
1944 6099 0 1 145 2727 59 8972
1945 6101 0 0 19 13 38 6133
1946 6102 0 1 30 31 33 6164
1947 6124 13 27 105 1888 194 8157
1948 6130 0 1 90 1083 140 7304
1949 6140 0 1 84 2768 39 8993
1950 6146 0 3 50 13 30 6212
1951 6151 0 4 36 14 66 6205
1952 6177 0 2 107 3050 31 9336
1953 6178 0 1 33 19 88 6231
1954 6195 0 34 134 19 32 6382
1955 6195 1 0 189 18 51 6403
1956 6205 0 4 88 20 69 6317
1957 6209 0 9 133 3682 91 10033
1958 6211 0 1 30 18 162 6260
1959 6214 0 15 47 20 134 6296
1960 6232 0 16 134 13 66 6395
1961 6238 0 20 16 2326 63 8600
1962 6240 0 3 79 13 65 6335
1963 6249 0 16 42 20 61 6327
1964 6259 0 1 30 18 42 6308
1965 6265 0 32 74 13 31 6384
1966 6271 0 5 52 16 46 6344
1967 6271 0 1 296 2465 89 9033
1968 6291 0 23 72 13 28 6399
1969 6299 0 1 149 22 113 6471
1970 6301 0 0 31 16 61 6348
1971 6320 0 1 27 22 1754 6370
1972 6325 0 4 40 20 29 6389
1973 6334 0 35 104 3570 32 10043
1974 6336 0 1 36 27 24 6400
1975 6344 0 1 427 2813 63 9585
1976 6365 0 2 141 3317 198 9825
1977 6371 0 4 78 14 33 6467
1978 6403 0 25 131 2408 190 8967
1979 6425 0 1 30 35 83 6491
1980 6444 0 5 66 20 46 6535
1981 6455 0 1 28 14 51 6498
1982 6463 0 1 93 1766 125 8323
1983 6473 1 1 110 1065 51 7650
1984 6479 0 0 375 15 56 6869
1985 6479 0 6 90 2562 56 9137
1986 6483 0 1 134 2581 37 9199
1987 6497 0 1 21 21 1960 6540
1988 6499 0 0 24 14 34 6537
1989 6499 0 1 146 4091 106 10737
1990 6509 0 1 294 5242 117 12046
1991 6509 1 0 415 2435 67 9360
1992 6510 0 29 79 12 31 6630
1993 6517 0 31 136 15 30 6699
1994 6546 0 1 358 4035 81 10940
1995 6549 0 4 75 13 29 6641
1996 6558 0 23 44 14 44 6639
1997 6570 0 4 41 14 77 6629
1998 6573 0 1 358 4529 95 11461
1999 6580 0 0 25 29 39 6634
2000 6585 0 0 400 1924 67 8909
2001 6593 0 0 77 17 53 6687
2002 6595 1 4 196 28 922 6824
2003 6606 1 0 295 2110 33 9012
2004 6607 0 1 313 5279 110 12200
2005 6611 0 4 73 33 88 6721
2006 6618 0 37 82 14 53 6751
2007 6640 0 12 190 2746 61 9588
2008 6643 0 1 427 2226 80 9297
2009 6643 0 1 408 2354 95 9406
2010 6649 0 29 74 13 71 6765
2011 6653 0 29 176 22 26 6880
2012 6659 0 1 296 4319 61 11275
2013 6659 0 1 393 2510 34 9563
2014 6661 0 15 124 3016 69 9816
2015 6679 0 30 44 11 411 6764
2016 6692 0 27 164 2727 284 9610
2017 6699 0 42 98 3507 32 10346
2018 6699 0 1 418 2417 110 9535
2019 6706 0 1 87 1378 53 8172
2020 6706 0 0 96 15 64 6817
2021 6714 0 1 169 3381 176 10265
2022 6736 0 1 296 4014 70 11047
2023 6740 0 5 72 14 50 6831
2024 6740 0 5 48 20 99 6813
2025 6745 0 1 153 3313 42 10212
2026 6754 1 27 17 3791 84 10590
2027 6754 0 13 70 14 29 6851
2028 6756 1 4 52 16 53 6829
2029 6771 0 1 93 16 128 6881
2030 6777 0 5 108 40 30 6930
2031 6781 0 4 53 13 40 6851
2032 6807 0 1 97 3377 32 10282
2033 6811 0 1 69 18 64 6899
2034 6831 0 27 125 3757 90 10740
2035 6850 0 35 75 13 109 6973
2036 6860 0 1 337 4720 92 11918
2037 6865 0 22 46 13 32 6946
2038 6865 0 29 103 3594 59 10591
2039 6878 0 5 74 13 47 6970
2040 6878 0 1 429 3764 86 11072
2041 6881 1 19 18 1340 142 8259
2042 6885 0 2 169 5728 102 12784
2043 6892 0 29 51 14 33 6986
2044 6892 0 31 100 47 158 7070
2045 6901 0 1 253 7373 93 14528
2046 6916 1 1 303 3998 73 11219
2047 6917 0 1 319 3551 38 10788
2048 6918 0 4 64 17 63 7003
2049 6939 0 1 765 4977 86 12682
2050 6942 1 23 117 2658 264 9741
2051 6942 0 4 66 19 51 7031
2052 6951 0 4 84 13 27 7052
2053 6971 0 4 62 12 86 7049
2054 6974 0 1 377 5663 82 13015
2055 6981 0 31 50 11 84 7073
2056 6989 0 1 459 1677 45 9126
2057 7003 0 1 292 3911 73 11207
2058 7014 0 9 127 5172 38 12322
2059 7019 0 27 135 2551 76 9732
2060 7023 0 29 111 3483 904 10646
2061 7025 0 31 371 3367 55 10794
2062 7028 0 31 104 3554 103 10717
2063 7036 0 5 75 22 65 7138
2064 7039 1 4 140 10 23 7194
2065 7041 0 27 151 3236 31 10455
2066 7047 0 33 149 3028 53 10257
2067 7052 1 1 105 3515 59 10674
2068 7064 0 1 627 2156 77 9848
2069 7065 0 37 59 21 39 7182
2070 7074 0 0 24 16 61 7114
2071 7077 0 29 176 2664 62 9946
2072 7080 0 38 93 14 33 7225
2073 7086 0 1 409 2786 40 10282
2074 7095 0 4 109 12 28 7220
2075 7096 0 1 132 2688 41 9917
2076 7110 0 5 552 22 843 7689
2077 7113 0 39 77 18 50 7247
2078 7116 0 4 72 13 53 7205
2079 7130 0 27 26 2756 31 9939
2080 7134 0 17 133 3931 111 11215
2081 7139 0 36 67 16 64 7258
2082 7145 1 3 84 14 81 7247
2083 7149 0 24 131 3621 152 10925
2084 7155 0 1 308 3524 39 10988
2085 7165 0 5 40 15 736 7225
2086 7170 0 4 53 36 61 7263
2087 7172 0 1 48 19 60 7240
2088 7175 0 1 109 1977 70 9262
2089 7181 0 1 410 2445 71 10037
2090 7187 0 30 176 5032 137 12425
2091 7201 0 1 23 14 124 7239
2092 7205 0 31 85 13 193 7334
2093 7208 0 2 200 2896 128 10306
2094 7217 0 0 31 12 48 7260
2095 7221 0 4 47 13 54 7285
2096 7221 0 4 92 15 91 7332
2097 7230 0 29 103 3802 42 11164
2098 7232 0 0 21 18 102 7271
2099 7233 0 1 427 2571 49 10232
2100 7233 0 13 927 4547 110 12720
2101 7237 0 2 122 3996 31 11357
2102 7246 1 0 29 20 86 7296
2103 7253 0 29 136 4181 34 11599
2104 7260 0 35 225 3662 107 11182
2105 7264 0 36 115 4085 96 11500
2106 7268 0 1 204 4381 116 11854
2107 7275 0 1 139 3111 193 10526
2108 7275 0 0 46 14 33 7335
2109 7281 0 35 90 14 27 7420
2110 7282 0 35 200 1720 119 9237
2111 7296 0 19 140 5359 137 12814
2112 7298 0 4 42 19 83 7363
2113 7314 0 1 150 3994 121 11459
2114 7314 1 0 411 2840 56 10566
2115 7325 0 1 125 4350 38 11801
2116 7326 0 32 116 4448 80 11922
2117 7334 0 1 294 4297 175 11926
2118 7338 0 22 446 4189 137 11995
2119 7344 0 38 41 16 596 7439
2120 7348 1 1 139 2790 87 10279
2121 7369 0 36 234 3991 137 11630
2122 7369 0 37 50 26 36 7482
2123 7370 0 38 67 15 53 7490
2124 7376 0 40 166 3757 65 11339
2125 7378 0 30 121 3894 79 11423
2126 7404 0 27 116 5306 46 12853
2127 7406 0 1 295 4691 88 12393
2128 7418 1 4 47 21 90 7491
2129 7439 0 1 116 3042 32 10598
2130 7453 0 38 135 3971 137 11597
2131 7457 0 28 160 3368 106 11013
2132 7467 0 35 50 15 51 7567
2133 7489 0 37 110 4863 37 12499
2134 7501 0 1 343 3941 66 11786
2135 7511 0 17 133 2684 38 10345
2136 7517 1 0 39 23 34 7580
2137 7521 0 3 51 14 52 7589
2138 7525 0 4 50 15 25 7594
2139 7544 0 1 27 17 91 7589
2140 7546 0 1 411 4128 118 12086
2141 7551 0 35 120 4309 53 12015
2142 7554 0 33 87 2533 293 10207
2143 7556 0 28 59 18 52 7661
2144 7560 0 5 96 14 1034 7675
2145 7562 0 1 30 15 119 7608
2146 7568 0 1 604 3926 256 12099
2147 7570 0 35 108 3222 37 10935
2148 7576 0 2 157 4408 139 12143
2149 7587 0 24 1009 2867 187 11487
2150 7589 1 0 419 2442 59 10451
2151 7591 0 30 113 3315 156 11049
2152 7593 0 34 175 4735 73 12537
2153 7602 16 27 135 3744 116 11524
2154 7603 0 35 124 5578 124 13340
2155 7604 0 37 43 17 40 7701
2156 7605 0 38 121 6571 196 14335
2157 7633 0 41 1176 3235 63 12085
2158 7637 0 1 36 12 62 7686
2159 7644 0 5 35 12 56 7696
2160 7651 0 1 121 3736 34 11509
2161 7652 0 0 19 16 29 7687
2162 7656 0 1 331 4283 93 12271
2163 7659 0 1 207 3024 94 10891
2164 7667 0 1 161 4961 75 12790
2165 7671 0 1 293 3883 301 11848
2166 7672 0 38 111 13 34 7834
2167 7678 0 1 420 2762 56 10861
2168 7687 0 1 373 4083 39 12144
2169 7693 0 35 114 4184 55 12026
2170 7694 0 31 45 16 53 7786
2171 7708 0 2 167 4958 111 12835
2172 7712 1 34 751 14 2311 8512
2173 7713 0 34 117 4863 76 12727
2174 7727 0 28 177 3491 58 11423
2175 7731 0 5 209 20 52 7965
2176 7731 0 31 68 14 68 7844
2177 7731 0 27 151 4611 196 12520
2178 7732 0 34 24 5153 153 12943
2179 7736 0 47 129 4981 43 12893
2180 7741 0 5 41 29 28 7816
2181 7746 1 1 172 4064 39 11984
2182 7748 0 29 154 3984 189 11915
2183 7759 1 38 166 5874 166 13838
2184 7761 0 38 103 3318 65 11220
2185 7767 0 4 107 19 89 7897
2186 7800 0 28 110 3195 48 11133
2187 7806 0 27 176 4984 52 12993
2188 7818 1 1 311 4943 73 13074
2189 7821 0 38 48 20 52 7927
2190 7822 0 1 435 3621 124 11879
2191 7823 1 29 116 3997 34 11966
2192 7826 0 32 148 5243 253 13249
2193 7831 0 30 114 4717 86 12692
2194 7861 0 0 329 2388 34 10578
2195 7862 0 0 75 12 76 7949
2196 7878 0 2 112 3554 38 11546
2197 7880 0 1 323 4241 32 12445
2198 7884 0 1 28 22 84 7935
2199 7908 1 1 149 3963 40 12022
2200 7926 0 1 525 2778 91 11230
2201 7931 0 30 167 2925 134 11053
2202 7932 0 35 115 4336 66 12418
2203 7936 0 1 296 4409 39 12642
2204 7938 0 38 67 17 48 8060
2205 7942 0 1 31 14 56 7988
2206 7951 0 28 1511 31 120 9521
2207 7951 0 4 62 17 34 8034
2208 7964 0 2 124 5811 67 13901
2209 7970 0 2 287 3787 92 12046
2210 7991 0 33 152 4715 96 12891
2211 8000 0 2 116 4561 62 12679
2212 8002 0 36 42 15 80 8095
2213 8012 1 1 118 2746 51 10878
2214 8018 0 37 950 43 217 9048
2215 8019 0 1 518 2282 40 10820
2216 8026 0 1 133 3884 62 12044
2217 8033 0 3 121 45 34 8202
2218 8033 0 36 116 5520 81 13705
2219 8044 0 34 136 5453 77 13667
2220 8048 0 29 224 3021 31 11322
2221 8056 0 1 376 4745 79 13178
2222 8059 0 39 290 4359 45 12747
2223 8062 0 1 504 4187 122 12754
2224 8067 0 38 190 6416 130 14711
2225 8067 0 1 338 5305 131 13711
2226 8074 0 1 396 5083 52 13554
2227 8077 0 1 197 3930 126 12205
2228 8081 0 29 177 3955 1115 12242
2229 8091 0 36 116 4311 29 12554
2230 8093 0 1 322 4174 87 12590
2231 8115 0 34 93 2551 76 10793
2232 8129 0 30 166 4358 65 12683
2233 8139 0 4 68 17 74 8228
2234 8140 0 23 60 12 21 8235
2235 8153 0 0 40 14 31 8207
2236 8155 0 29 505 4428 82 13117
2237 8177 0 26 16 3450 1732 11669
2238 8184 0 1 40 17 70 8242
2239 8194 0 25 186 3622 100 12027
2240 8197 0 37 74 15 57 8323
2241 8211 0 4 53 14 28 8282
2242 8237 0 1 321 4922 73 13481
2243 8255 1 1 325 2975 216 11557
2244 8265 0 6 168 17 78 8456
2245 8270 0 5 74 15 31 8364
2246 8272 0 43 105 20 134 8440
2247 8286 1 32 75 15 35 8409
2248 8309 0 34 58 23 177 8424
2249 8327 0 35 17 3984 28 12363
2250 8336 0 30 110 3576 188 12052
2251 8336 0 0 196 20 42 8552
2252 8338 0 2 179 3937 65 12456
2253 8340 0 48 287 5357 95 14032
2254 8351 0 14 129 4827 93 13321
2255 8355 0 1 330 4742 72 13428
2256 8360 0 29 117 5715 136 14221
2257 8360 1 15 198 3603 112 12177
2258 8364 0 5 53 14 83 8436
2259 8366 0 2 281 4974 89 13623
2260 8375 0 37 121 5337 70 13870
2261 8380 0 33 127 3155 36 11695
2262 8387 0 1 93 15 28 8496
2263 8395 0 1 109 3315 42 11820
2264 8401 0 2 458 9278 173 18139
2265 8402 0 41 151 24 417 8618
2266 8405 0 1 131 5136 109 13673
2267 8412 0 2 155 3998 53 12567
2268 8423 0 39 126 4421 38 13009
2269 8431 0 2 117 5272 88 13822
2270 8431 0 1 107 2413 44 10952
2271 8434 0 0 37 14 38 8485
2272 8458 0 46 888 53 544 9445
2273 8476 0 5 64 16 72 8561
2274 8485 0 5 48 33 143 8571
2275 8495 1 37 457 17 67 9007
2276 8504 0 10 111 3341 52 11966
2277 8511 1 32 50 14 76 8608
2278 8518 0 34 97 2384 27 11033
2279 8518 0 42 97 17 48 8674
2280 8522 0 1 153 2789 44 11465
2281 8526 0 1 430 4750 75 13707
2282 8533 0 29 133 3818 71 12513
2283 8536 1 0 38 22 362 8597
2284 8567 0 25 123 30 259 8745
2285 8610 0 1 386 3522 63 12519
2286 8618 0 1 337 4718 104 13674
2287 8632 0 2 156 5501 53 14291
2288 8650 0 35 227 4492 47 13404
2289 8681 0 1 525 4910 171 14117
2290 8697 0 1 45 14 30 8757
2291 8735 1 35 268 4172 122 13211
2292 8738 0 0 50 19 37 8807
2293 8742 0 4 81 20 61 8847
2294 8750 0 37 136 5352 237 14275
2295 8750 0 1 80 16 347 8847
2296 8766 0 2 143 5778 140 14689
2297 8770 0 30 140 4696 195 13636
2298 8775 0 1 442 3503 272 12721
2299 8788 1 1 150 3239 69 12179
2300 8790 0 45 121 3292 90 12248
2301 8824 0 1 23 13 94 8861
2302 8825 0 4 862 30 52 9721
2303 8835 0 1 381 3115 59 12332
2304 8837 0 33 46 21 82 8937
2305 8868 0 14 270 4473 119 13625
2306 8876 0 6 75 12 29 8969
2307 8922 0 2 121 4810 70 13855
2308 8923 0 23 17 3957 219 12920
2309 8944 0 26 117 3456 70 12543
2310 8962 0 1 410 2023 102 11396
2311 8977 0 33 122 2535 251 11667
2312 9002 0 2 129 6607 136 15740
2313 9010 0 32 19 3200 96 12261
2314 9032 0 0 43 30 35 9105
2315 9040 0 38 49 19 32 9146
2316 9061 0 27 150 4635 32 13873
2317 9063 0 49 50 20 48 9182
2318 9064 0 9 72 17 57 9162
2319 9088 0 38 73 31 88 9230
2320 9120 1 5 57 20 70 9203
2321 9128 0 5 45 14 78 9192
2322 9137 0 40 116 22 682 9315
2323 9156 0 5 131 16 61 9308
2324 9162 0 1 161 3571 89 12895
2325 9191 0 5 112 13 31 9321
2326 9202 0 40 59 15 57 9316
2327 9208 0 1 133 2740 89 12082
2328 9212 0 5 186 14 108 9417
2329 9217 0 38 269 4870 75 14394
2330 9218 0 31 199 4349 101 13797
2331 9219 0 1 116 2828 24 12164
2332 9243 0 33 176 38 118 9490
2333 9273 0 1 84 1978 35 11336
2334 9283 0 33 138 6319 227 15773
2335 9293 0 1 124 4140 61 13558
2336 9298 0 1 437 3929 43 13665
2337 9309 0 31 126 3178 133 12644
2338 9315 0 1 27 17 70 9360
2339 9318 0 46 57 23 29 9444
2340 9325 0 42 41 17 79 9425
2341 9328 0 28 131 5014 153 14501
2342 9333 1 2 316 5661 112 15313
2343 9338 0 1 345 3324 57 13008
2344 9358 0 44 123 5490 253 15015
2345 9365 0 1 39 34 68 9439
2346 9375 0 4 49 12 42 9440
2347 9392 0 1 406 5308 31 15107
2348 9393 0 1 327 4000 38 13721
2349 9417 0 34 433 16 65 9900
2350 9423 0 14 144 4504 280 14085
2351 9432 0 38 86 20 39 9576
2352 9433 0 45 114 14 30 9606
2353 9443 0 5 343 4813 114 14604
2354 9451 0 26 51 17 49 9545
2355 9459 0 6 178 5390 247 15033
2356 9467 0 1 377 6346 98 16191
2357 9474 0 34 103 20 63 9631
2358 9486 0 1 213 4761 60 14461
2359 9498 0 2 111 5147 58 14758
2360 9498 0 5 63 16 38 9582
2361 9501 0 19 181 2581 123 12282
2362 9555 0 1 435 5201 84 15192
2363 9563 0 2 372 4314 62 14251
2364 9568 0 45 48 21 31 9682
2365 9596 0 1 146 3139 666 12882
2366 9622 0 2 138 6960 174 16722
2367 9629 1 51 51 13 86 9745
2368 9639 0 40 69 6993 122 16741
2369 9646 0 12 114 17 40 9789
2370 9651 1 0 107 18 44 9777
2371 9673 1 41 85 23 34 9823
2372 9741 0 2 130 5962 64 15835
2373 9742 0 0 46 29 68 9817
2374 9756 0 1 178 2891 62 12826
2375 9756 1 1 106 3267 36 13131
2376 9778 0 1 345 4444 177 14568
2377 9778 0 37 56 13 44 9884
2378 9780 0 29 272 3697 106 13778
2379 9786 0 0 47 17 47 9850
2380 9792 0 1 327 6044 129 16164
2381 9803 0 6 125 5424 120 15358
2382 9819 0 33 124 3091 36 13067
2383 9868 0 1 150 2862 35 12881
2384 9873 0 1 138 3850 49 13862
2385 9903 0 4 43 16 69 9966
2386 9908 0 35 177 4318 171 14438
2387 9925 1 29 115 4455 81 14525
2388 9937 0 43 127 18 66 10125
2389 9950 0 38 51 20 73 10059
2390 9954 0 38 142 3729 50 13863
2391 9966 0 40 107 3610 71 13723
2392 9987 1 0 39 17 48 10044
2393 9988 0 5 55 13 49 10061
2394 9990 0 35 96 1855 45 11976
2395 9991 1 4 74 21 127 10091
2396 9993 0 1 20 18 25 10032
2397 10003 0 5 61 19 36 10088
2398 10011 0 0 26 17 42 10054
2399 10011 0 0 23 15 738 10049
2400 10052 0 35 248 4182 29 14517
2401 10073 0 1 138 7008 154 17220
2402 10079 0 0 33 34 165 10146
2403 10087 0 2 121 3626 40 13836
2404 10114 0 1 125 2947 100 13187
2405 10122 0 5 115 20 62 10262
2406 10142 0 5 155 15 167 10317
2407 10145 0 26 140 2400 39 12711
2408 10157 0 13 81 20 43 10271
2409 10172 1 0 354 3976 105 14503
2410 10187 0 1 325 4734 36 15247
2411 10214 0 33 28 4963 77 15238
2412 10290 0 1 31 17 49 10339
2413 10300 0 1 101 15 33 10417
2414 10344 0 26 1110 16 114 11496
2415 10358 0 5 55 16 56 10434
2416 10371 0 5 54 25 51 10455
2417 10377 0 1 36 25 29 10439
2418 10398 0 0 20 15 33 10433
2419 10421 0 38 79 21 45 10559
2420 10431 0 9 431 18 56 10889
2421 10452 0 5 87 18 86 10562
2422 10497 0 1 96 17 34 10611
2423 10499 0 5 66 23 101 10593
2424 10508 0 5 48 17 49 10578
2425 10513 0 45 54 35 108 10647
2426 10538 0 5 41 15 61 10599
2427 10579 0 8 249 16 49 10852
2428 10623 0 4 142 20 48 10789
2429 10625 0 1 343 4765 97 15734
2430 10639 0 37 16 4457 243 15149
2431 10655 0 5 54 19 41 10733
2432 10664 0 1 38 18 131 10721
2433 10677 0 1 24 19 72 10721
2434 10678 0 5 50 20 77 10753
2435 10699 0 1 325 5462 72 16487
2436 10717 0 1 68 20 23 10806
2437 10719 0 1 32 43 66 10795
2438 10722 0 5 73 14 226 10814
2439 10750 0 48 150 3909 73 14857
2440 10798 0 0 22 14 39 10834
2441 10844 0 4 58 16 60 10922
2442 10864 0 41 42 32 77 10979
2443 10879 0 1 150 43 114 11073
2444 10885 0 1 424 4799 121 16109
2445 10910 0 4 58 14 128 10986
2446 10913 0 1 27 14 89 10955
2447 10917 0 1 34 17 44 10969
2448 10929 0 45 71 13 42 11058
2449 10945 0 40 181 6025 154 17191
2450 10977 0 47 53 18 42 11095
2451 11010 0 1 96 15 71 11122
2452 11024 0 1 343 6278 179 17646
2453 11026 0 0 126 18 47 11170
2454 11044 0 4 72 14 31 11134
2455 11051 0 36 61 15 56 11163
2456 11072 0 1 305 3917 84 15295
2457 11103 0 1 30 27 33 11161
2458 11106 0 4 72 17 160 11199
2459 11129 0 0 32 25 28 11186
2460 11141 0 1 133 22 115 11297
2461 11162 0 4 81 14 135 11261
2462 11185 0 0 24 34 370 11243
2463 11194 0 2 144 4520 70 15860
2464 11196 0 1 128 4348 34 15673
2465 11217 0 21 154 20 69 11412
2466 11223 0 1 98 31 111 11353
2467 11232 0 1 32 21 46 11286
2468 11260 0 5 67 14 90 11346
2469 11290 0 0 110 33 58 11433
2470 11293 0 1 40 18 58 11352
2471 11294 0 0 34 17 112 11345
2472 11323 0 5 72 22 32 11422
2473 11326 0 5 72 26 220 11429
2474 11353 0 1 149 24 78 11527
2475 11375 0 5 42 14 35 11436
2476 11379 1 5 140 12 34 11537
2477 11393 0 1 32 24 122 11450
2478 11408 0 1 27 14 43 11450
2479 11413 0 1 33 14 67 11461
2480 11415 0 4 307 14 43 11740
2481 11420 0 1 26 19 91 11466
2482 11520 0 0 48 25 977 11593
2483 11554 0 1 139 32 37 11726
2484 11581 0 5 108 19 39 11713
2485 11581 0 5 52 18 63 11656
2486 11600 0 0 39 13 35 11652
2487 11619 0 6 63 24 120 11712
2488 11638 0 1 36 14 257 11689
2489 11638 0 4 99 38 113 11779
2490 11642 0 4 45 23 31 11714
2491 11661 0 1 320 5299 68 17281
2492 11677 0 4 87 29 40 11797
2493 11703 0 0 24 17 49 11744
2494 11704 1 4 166 28 105 11903
2495 11718 0 5 73 23 35 11819
2496 11732 0 9 178 8293 96 20212
2497 11734 1 12 223 17 44 11987
2498 11765 1 41 25 4841 62 16673
2499 11774 0 1 347 4393 30 16515
2500 11793 1 4 170 15 71 11983
2501 11794 0 0 26 19 619 11839
2502 11836 0 1 44 28 324 11909
2503 11859 0 0 208 14 33 12081
2504 11883 0 5 524 23 29 12435
2505 11908 0 5 58 18 57 11989
2506 11934 1 0 27 20 87 11982
2507 11978 0 0 80 23 31 12081
2508 12039 0 1 25 29 27 12094
2509 12043 0 0 56 30 70 12129
2510 12045 0 1 167 5633 140 17846
2511 12048 0 50 68 15 50 12181
2512 12058 0 0 57 15 122 12130
2513 12069 0 5 424 22 101 12520
2514 12082 0 17 66 27 38 12192
2515 12082 0 4 54 13 31 12153
2516 12087 1 0 633 24 36 12745
2517 12096 0 1 48 16 72 12161
2518 12123 0 0 22 14 95 12159
2519 12124 0 1 26 17 63 12168
2520 12174 0 1 26 40 120 12241
2521 12177 0 4 79 54 105 12314
2522 12190 0 1 25 37 111 12253
2523 12192 0 5 44 24 26 12265
2524 12199 0 5 77 13 48 12294
2525 12211 0 5 57 16 31 12289
2526 12229 0 5 33 13 20 12280
2527 12242 0 5 64 19 52 12330
2528 12246 0 4 51 32 70 12333
2529 12253 0 1 36 21 35 12311
2530 12255 0 6 52 25 35 12338
2531 12264 0 0 22 12 57 12298
2532 12275 0 42 51 18 100 12386
2533 12310 0 5 319 29 70 12663
2534 12319 0 0 55 16 60 12390
2535 12320 0 4 60 21 133 12405
2536 12335 0 4 99 38 42 12476
2537 12354 0 5 50 37 220 12446
2538 12366 0 5 47 24 113 12442
2539 12383 0 5 1057 57 105 13502
2540 12401 0 1 32 22 156 12456
2541 12420 0 5 237 39 84 12701
2542 12426 0 4 77 11 42 12518
2543 12444 0 5 59 17 89 12525
2544 12454 0 5 222 29 51 12710
2545 12483 1 5 51 44 166 12584
2546 12517 0 4 96 18 47 12635
2547 12525 0 5 84 29 350 12643
2548 12546 0 5 79 18 56 12648
2549 12556 0 4 44 23 51 12627
2550 12561 0 5 58 15 25 12639
2551 12609 0 4 58 21 125 12692
2552 12611 0 1 26 17 88 12655
2553 12625 0 4 67 31 63 12727
2554 12643 0 12 97 18 116 12770
2555 12647 0 5 129 38 65 12819
2556 12647 0 1 142 14 138 12804
2557 12654 0 0 69 21 48 12744
2558 12695 0 5 69 17 94 12786
2559 12716 0 1 28 16 120 12761
2560 12734 0 5 52 60 80 12851
2561 12748 0 5 387 19 65 13159
2562 12776 0 5 70 25 88 12876
2563 12790 1 4 798 19 29 13612
2564 12792 0 1 36 36 143 12865
2565 12806 0 13 87 24 94 12930
2566 12819 0 1 45 32 113 12897
2567 12837 0 1 30 28 166 12896
2568 12840 1 0 46 33 37 12920
2569 12883 0 0 24 21 42 12928
2570 12896 0 1 25 48 100 12970
2571 12900 0 1 42 28 82 12971
2572 12923 0 7 64 27 137 13021
2573 12925 0 5 63 58 91 13051
2574 12934 0 1 22 14 51 12971
2575 12963 0 5 71 24 32 13063
2576 12969 0 1 29 67 81 13066
2577 12979 0 4 70 16 172 13069
2578 13006 0 5 74 113 92 13198
2579 13010 0 5 47 30 78 13092
2580 13029 0 0 29 22 27 13080
2581 13046 0 1 30 25 44 13102
2582 13046 0 1 36 33 187 13116
2583 13070 0 5 91 18 42 13184
2584 13097 0 0 1200 14 33 14311
2585 13107 0 1 186 15 132 13309
2586 13126 0 5 169 35 71 13335
2587 13127 0 1 108 42 98 13278
2588 13139 0 4 61 13 57 13217
2589 13150 0 17 47 19 47 13233
2590 13176 0 5 52 39 40 13272
2591 13195 1 5 193 27 238 13421
2592 13215 0 0 24 19 48 13258
2593 13240 0 5 42 16 35 13303
2594 13347 0 2 26 17 83 13392
2595 13359 0 1 40 34 155 13434
2596 13365 0 17 67 22 29 13471
2597 13409 0 4 47 14 44 13474
2598 13420 0 4 303 49 149 13776
2599 13442 0 0 33 33 90 13508
2600 13562 0 1 24 25 55 13612
2601 13574 0 6 90 29 50 13699
2602 13592 1 0 24 29 65 13646
2603 13593 0 8 68 14 54 13683
2604 13654 0 0 46 30 133 13730
2605 13698 0 1 20 16 28 13735
2606 13723 0 1 78 20 35 13822
2607 13765 0 1 96 33 154 13895
2608 13766 1 4 80 37 71 13888
2609 13781 0 5 75 28 212 13889
2610 13796 0 1 39 36 46 13872
2611 13812 0 1 42 34 171 13889
2612 13824 0 1 30 19 48 13874
2613 13844 0 5 72 30 231 13951
2614 13848 0 5 64 18 85 13935
2615 13854 0 6 84 24 77 13968
2616 13875 1 0 92 36 36 14004
2617 13894 0 5 51 18 107 13968
2618 13899 0 5 51 53 74 14008
2619 13925 0 5 51 26 44 14007
2620 13944 0 5 155 30 35 14134
2621 13946 0 5 68 15 27 14034
2622 13949 0 4 80 19 1021 14052
2623 13956 0 10 40 32 75 14038
2624 13963 0 6 79 18 42 14066
2625 13997 0 1 214 24 87 14236
2626 14020 0 17 106 21 27 14164
2627 14025 0 6 45 27 48 14103
2628 14034 0 6 650 41 60 14731
2629 14040 0 5 79 37 67 14161
2630 14096 0 1 31 16 73 14144
2631 14173 0 9 308 6231 163 20721
2632 14233 0 1 38 22 27 14294
2633 14343 0 1 99 22 71 14465
2634 14375 0 6 759 25 37 15165
2635 14403 0 4 147 34 181 14588
2636 14417 1 0 31 17 49 14466
2637 14424 0 0 41 38 94 14503
2638 14542 0 0 29 28 85 14599
2639 14545 0 5 76 55 256 14681
2640 14546 0 4 51 13 42 14614
2641 14568 0 1 21 17 42 14607
2642 14583 0 5 80 65 90 14733
2643 14641 0 0 41 18 70 14700
2644 14674 0 1 42 18 115 14735
2645 14689 0 6 43 24 470 14762
2646 14720 0 1 39 31 78 14791
2647 14751 0 5 59 31 35 14846
2648 14752 1 38 76 52 85 14919
2649 14808 0 5 260 22 36 15095
2650 14842 0 1 31 38 93 14912
2651 14863 0 5 65 37 40 14970
2652 14879 0 5 41 62 58 14987
2653 14903 0 17 61 79 129 15060
2654 15000 0 0 33 26 164 15059
2655 15167 0 5 174 19 57 15365
2656 15284 0 0 53 50 153 15387
2657 15299 0 1 86 29 37 15415
2658 15304 0 6 44 19 88 15373
2659 15335 0 5 88 41 115 15469
2660 15402 0 9 119 24 30 15554
2661 15417 0 1 524 54 72 15996
2662 15434 0 5 57 13 96 15509
2663 15548 0 1 22 33 45 15604
2664 15715 0 0 29 14 41 15758
2665 15879 0 5 44 24 69 15952
2666 15913 0 6 47 57 91 16023
2667 15948 0 6 62 29 104 16045
2668 15984 0 1 35 21 89 16041
2669 16014 0 1 43 23 276 16081
2670 16032 0 1 54 107 129 16194
2671 16291 0 5 71 48 181 16415
2672 16331 0 1 32 68 113 16432
2673 16388 0 6 51 41 101 16486
2674 16599 0 5 38 14 52 16656
2675 16796 0 1 32 17 70 16846
2676 16855 0 6 41 32 84 16934
2677 16914 0 5 56 60 89 17035
2678 16929 0 1 86 169 103 17185
2679 17373 0 6 81 27 33 17487
2680 17436 0 0 40 63 42 17539
2681 17526 1 4 75 37 177 17643
2682 17885 0 5 122 52 39 18064
2683 18019 0 5 85 35 148 18144
2684 18380 0 1 45 82 75 18508
2685 20354 0 5 291 62 169 20712
2686 21496 0 5 331 67 77 21899
2687 22029 1 10 1193 2375 1141 25608
2688 26802 1 22 625 566 89 28016
