#	started	read_thunk	do_cleanup	get_dependencies	execute	upload_output
0 0 0 8 399 24 129 431
1 1 0 3 348 27 63 379
2 5 0 2 347 17 239 371
3 9 0 2 697 64 228 772
4 13 1 2 359 23 151 398
5 17 0 1 354 12 175 384
6 17 0 2 1212 64 126 1295
7 18 0 2 187 73 143 280
8 19 0 1 438 70 169 528
9 19 0 2 461 60 163 542
10 20 1 2 200 85 100 308
11 20 0 2 450 58 114 530
12 21 0 2 411 72 215 506
13 24 0 1 538 51 51 614
14 25 1 2 1104 83 89 1215
15 29 1 2 1051 122 374 1205
16 30 0 2 882 84 386 998
17 31 0 2 633 98 161 764
18 33 0 2 455 73 252 563
19 34 0 2 1352 128 110 1516
20 34 0 2 900 97 136 1033
21 36 1 2 478 139 128 656
22 37 0 2 431 100 124 570
23 37 1 2 2156 139 153 2335
24 47 0 1 140 70 120 258
25 47 1 7 37 26 28 118
26 47 0 1 358 98 127 504
27 48 0 1 1271 128 80 1448
28 50 0 1 455 49 91 555
29 436 0 3 32 51 116 522
30 523 0 1 51 535 71 1110
31 539 0 11 58 725 110 1333
32 552 0 3 30 739 77 1324
33 593 0 1 40 67 101 701
34 686 0 3 27 38 26 754
35 703 0 2 165 190 212 1060
36 704 0 0 28 13 30 745
37 748 0 2 394 40 89 1184
38 753 1 3 112 747 129 1616
39 781 0 6 87 15 33 889
40 784 0 2 50 1481 153 2317
41 792 0 2 117 252 67 1163
42 808 0 3 58 231 113 1100
43 821 0 1 46 575 85 1443
44 835 0 0 50 1570 111 2455
45 845 0 5 38 298 83 1186
46 865 0 3 54 442 126 1364
47 908 0 3 37 11 35 959
48 911 0 1 67 1019 126 1998
49 930 0 4 80 12 69 1026
50 949 0 1 293 1101 141 2344
51 991 0 6 80 10 50 1087
52 1066 0 0 343 998 65 2407
53 1175 0 0 349 1788 140 3312
54 1306 0 1 31 1194 127 2532
55 1314 0 4 88 31 71 1437
56 1342 0 12 40 21 34 1415
57 1368 0 7 60 26 132 1461
58 1399 0 3 146 18 55 1566
59 1417 0 4 70 22 71 1513
60 1449 0 2 54 489 195 1994
61 1530 0 4 71 44 39 1649
62 1548 0 1 435 1191 118 3175
63 1579 0 7 58 54 93 1698
64 1624 0 4 71 12 26 1711
65 1642 0 1 55 38 62 1736
66 1675 0 8 44 40 58 1767
67 1680 0 1 356 1939 165 3976
68 1768 0 1 435 1204 171 3408
69 1785 1 0 62 748 349 2596
70 1865 0 1 84 9 79 1959
71 1880 0 0 56 51 98 1987
72 2039 0 2 58 11 107 2110
73 2298 0 1 184 96 58 2579
74 2318 0 4 173 39 140 2534
75 2605 0 16 50 81 100 2752
76 2618 0 5 60 125 106 2808
77 2620 0 4 31 2909 166 5564
78 2632 0 8 724 69 262 3433
79 2714 0 4 90 85 551 2893
80 2807 0 0 82 73 242 2962
81 3001 0 11 134 13 280 3159
82 3070 1 1 36 47 190 3155
83 3426 0 1 52 92 105 3571
84 3630 0 4 87 131 152 3852
85 3704 0 1 45 83 41 3833
86 3829 0 1 105 13 97 3948
87 3995 0 2 145 22 127 4164
88 4281 0 7 77 134 95 4499
89 4360 1 1 334 945 313 5641
90 5860 0 4 541 193 147 6598
91 6077 0 16 47 59 75 6199
92 6418 0 1 132 48 223 6599
93 6962 0 1 272 279 286 7514
