#	started	read_thunk	do_cleanup	get_dependencies	execute	upload_output
0 0 0 10 782 3115 88 3907
1 2 0 13 1485 2621 135 4121
2 2 0 12 907 2622 65 3543
3 3 0 11 738 4817 89 5569
4 4 0 12 1159 4115 115 5290
5 6 0 11 757 4767 120 5541
6 6 0 2 819 3011 247 3838
7 6 0 10 761 4742 134 5519
8 7 0 3 104 2617 135 2731
9 8 0 13 738 3008 67 3767
10 10 0 10 749 3317 147 4086
11 11 0 2 741 3002 104 3756
12 11 0 9 880 2638 110 3538
13 11 0 13 753 3008 211 3785
14 12 0 10 898 5244 182 6164
15 14 0 10 930 4770 154 5724
16 15 1 1 738 3007 180 3762
17 17 0 2 808 3013 89 3840
18 17 0 2 925 3688 87 4632
19 21 0 11 949 3912 129 4893
20 22 0 3 744 3119 89 3888
21 27 0 3 739 4791 130 5560
22 30 0 11 893 4167 125 5101
23 45 0 12 754 3430 168 4241
24 57 0 10 738 3853 91 4658
25 75 0 10 880 3190 197 4155
26 86 0 13 961 3995 95 5055
27 127 0 10 873 4067 167 5077
28 141 0 4 104 4778 275 5027
29 303 0 2 903 3902 191 5110
30 340 0 2 780 3986 96 5108
31 347 0 3 863 4084 61 5297
32 2905 0 8 59 611 83 3583
33 3638 0 9 54 618 63 4319
34 3695 0 9 66 623 83 4393
35 3702 0 1 66 788 395 4557
36 3893 0 10 67 663 307 4633
37 3927 0 10 63 672 77 4672
38 3971 0 10 68 663 336 4712
39 3987 0 10 83 663 114 4743
40 4025 0 9 120 745 55 4899
41 4051 0 8 96 673 94 4828
42 4104 0 10 147 752 148 5013
43 4128 0 10 108 677 88 4923
44 4287 0 10 78 991 102 5366
45 4358 0 10 54 613 86 5035
46 4394 0 9 278 1046 78 5727
47 4409 0 1 56 787 316 5253
48 4471 0 9 83 1087 175 5650
49 4501 0 0 969 800 588 6270
50 4778 0 1 103 863 284 5745
51 4781 0 8 51 1096 140 5936
52 4783 0 10 76 1166 327 6035
53 4893 0 1 89 869 322 5852
54 4976 0 0 85 864 528 5925
55 4984 0 1 56 938 525 5979
56 4991 0 0 964 2731 345 8686
57 4992 0 1 133 887 830 6013
58 5051 0 1 56 866 643 5974
59 5067 0 9 84 1065 245 6225
60 5081 0 1 77 864 509 6023
61 5187 0 10 83 1344 92 6624
62 5194 0 1 47 940 2732 6182
63 5229 0 1 80 789 472 6099
64 5254 0 12 114 1163 126 6543
65 5266 0 9 102 1155 108 6532
66 5339 0 7 78 1170 248 6594
67 5342 0 7 60 1112 267 6521
68 5391 0 10 55 1230 227 6686
69 5432 0 10 53 1001 140 6496
70 5560 0 1 97 1083 642 6741
71 5594 0 0 978 2417 476 8989
72 5684 0 8 76 1117 263 6885
73 5686 0 8 66 1045 164 6805
74 5702 1 9 177 1058 119 6947
75 5706 0 10 86 1171 147 6973
76 5721 0 9 51 1133 156 6914
77 5842 0 1 55 1104 631 7002
78 5862 0 1 84 1158 585 7105
79 5915 0 9 60 1241 249 7225
80 6065 0 1 921 2625 57 9612
81 6120 0 1 67 1120 377 7308
82 6211 1 0 913 2746 61 9871
83 6411 0 1 68 1188 548 7668
84 6509 0 1 73 1100 594 7683
85 6529 0 8 387 1157 110 8081
86 6544 0 1 889 3301 61 10735
87 6547 0 0 1125 2619 57 10291
88 6566 1 0 740 2623 45 9930
89 6614 0 1 960 2428 46 10003
90 6657 0 1 739 2628 92 10025
91 6671 0 1 65 1038 1691 7775
92 6681 0 1 86 1198 592 7966
93 6702 0 1 57 1198 403 7958
94 6875 0 1 63 1362 385 8301
95 6886 0 1 995 2633 117 10515
96 6895 0 1 962 2454 78 10312
97 6945 0 1 84 1231 397 8261
98 6991 0 1 67 1104 350 8163
99 7088 0 1 63 1168 576 8320
100 7152 0 1 72 1113 633 8338
101 7182 0 1 72 1138 274 8393
102 7182 0 1 353 1328 372 8864
103 7430 0 1 753 3518 50 11702
104 7506 0 1 55 1235 899 8797
105 7672 0 1 981 3464 158 12118
106 7712 0 1 763 3574 42 12050
107 7720 0 1 1050 3497 52 12268
108 8229 1 0 109 1172 557 9511
109 8237 0 1 887 4157 410 13282
110 8311 0 1 972 3471 101 12755
111 8375 0 1 1099 3565 42 13040
112 8548 0 1 761 3629 112 12939
113 8581 0 1 1213 3792 113 13587
114 8705 0 2 1207 3850 72 13764
115 8720 0 1 1026 4523 149 14270
116 8764 0 0 1037 3615 73 13416
117 8929 0 1 942 3736 107 13608
118 8951 0 1 1076 2882 69 12910
119 9015 0 1 802 3603 96 13421
120 9358 0 9 956 3607 243 13930
121 9507 0 11 988 3350 136 13856
122 9720 0 11 738 3744 149 14213
123 10103 0 9 961 3358 101 14431
124 10392 0 1 138 2450 467 12981
125 13487 0 1 0 2453 478 15941
126 13743 0 0 133 3346 444 17222
127 16482 0 1 0 2455 307 18938
128 17680 0 1 171 3216 345 21068
129 19277 0 1 0 2454 540 21732
130 21458 0 1 203 3147 345 24809
131 22311 0 0 0 2448 451 24759
132 25195 0 1 214 3338 666 28748
133 25243 0 1 0 2417 685 27661
134 28377 0 1 0 2467 778 30845
135 29433 0 0 169 3104 343 32706
136 31758 0 1 0 2434 623 34193
137 33091 0 1 189 3046 328 36327
138 34847 0 0 0 2425 373 37272
139 36731 0 1 329 3014 599 40075
140 37686 0 0 581 2596 285 40863
141 41131 0 1 183 3261 405 44576
142 41179 0 1 1592 3062 409 45834
143 45021 0 1 156 3952 640 49130
144 46282 1 0 149 3174 504 49606
145 49811 0 0 196 3246 410 53253
146 50138 0 1 157 3211 528 53507
147 53700 0 0 218 2886 463 56804
148 54082 0 1 183 2805 64 57071
149 57304 0 1 183 2832 516 60320
150 60869 0 1 131 3043 370 64044
151 64459 0 1 279 2732 133 67471
