#	started	read_thunk	do_cleanup	get_dependencies	execute	upload_output
0 0 0 3 586 30 84 619
1 9 0 1 189 64 126 263
2 15 1 1 412 139 336 568
3 18 1 1 206 89 151 315
4 18 0 2 279 62 263 361
5 19 0 1 450 83 141 553
6 21 0 1 590 71 147 683
7 21 0 1 188 79 91 289
8 24 0 6 545 58 116 633
9 24 0 1 197 86 114 308
10 25 0 3 60 78 138 166
11 33 1 1 422 72 1036 529
12 35 0 1 521 20 40 577
13 38 0 2 482 98 126 620
14 38 0 1 146 27 375 212
15 38 0 1 423 81 148 543
16 39 0 1 502 103 209 645
17 53 1 1 188 85 89 328
18 54 0 2 368 189 123 613
19 59 1 1 488 123 195 672
20 62 0 1 272 125 137 460
21 69 0 1 307 80 75 457
22 73 0 1 592 28 79 694
23 87 0 1 72 24 65 184
24 90 1 0 367 54 187 512
25 92 0 1 340 128 132 561
26 93 0 1 454 127 105 675
27 110 1 1 412 69 190 593
28 136 0 2 345 11 31 494
29 302 0 1 67 51 66 421
30 345 0 3 30 684 102 1062
31 434 0 3 16 1492 134 1945
32 443 0 2 40 1768 183 2253
33 461 0 3 17 926 268 1407
34 468 0 3 29 721 156 1221
35 524 0 3 19 957 128 1503
36 544 0 4 50 13 73 611
37 577 0 0 38 12 66 627
38 585 0 3 15 947 127 1550
39 648 0 1 42 67 61 758
40 714 0 4 35 995 116 1748
41 716 0 1 24 40 59 781
42 717 0 3 21 313 228 1054
43 745 0 4 22 1306 146 2077
44 748 0 4 35 10 34 797
45 750 0 1 21 240 166 1012
46 753 0 2 14 244 309 1013
47 756 0 3 20 657 122 1436
48 793 0 5 94 1424 111 2316
49 795 0 2 83 278 74 1158
50 797 0 3 35 1192 117 2027
51 817 0 1 14 34 85 866
52 826 0 3 16 1935 152 2780
53 859 0 1 86 17 52 963
54 882 0 3 40 13 23 938
55 882 0 0 64 1906 228 2852
56 888 0 2 164 1398 123 2452
57 912 0 3 40 1183 194 2138
58 933 0 3 27 407 105 1370
59 943 0 5 17 2913 177 3878
60 991 0 1 32 12 56 1036
61 1252 0 0 24 23 30 1299
62 1294 0 1 63 22 61 1380
63 1334 0 1 35 35 73 1405
64 1411 0 1 21 24 29 1457
65 1446 1 4 84 27 49 1562
66 1457 0 4 91 45 178 1597
67 1515 0 1 35 31 109 1582
68 1531 0 4 260 10 78 1805
69 1611 1 0 104 455 113 2171
70 1615 0 1 39 45 139 1700
71 1656 0 1 164 11 144 1832
72 1673 0 1 69 54 73 1797
73 1727 0 4 75 79 200 1885
74 1729 0 4 86 60 60 1879
75 1923 0 1 45 51 78 2020
76 1986 0 1 61 1006 178 3054
77 2110 0 0 75 90 115 2275
78 2129 0 1 72 16 201 2218
79 2217 0 1 44 91 75 2353
80 2300 0 1 148 82 75 2531
81 2372 0 1 365 46 139 2784
82 2379 0 1 57 71 284 2508
83 2526 0 1 43 138 112 2708
84 2565 0 0 61 90 94 2716
85 2637 0 0 58 74 86 2769
86 2869 0 1 60 15 156 2945
87 3012 0 1 54 132 88 3199
88 3140 0 1 77 125 209 3343
89 3413 0 1 42 47 32 3503
90 3561 0 1 146 21 119 3729
91 3596 0 1 79 36 205 3712
92 4208 0 0 69 220 90 4497
93 4604 0 4 348 245 254 5201
