#	started	read_thunk	do_cleanup	get_dependencies	execute	upload_output
0 0 0 1 1336 2626 240 3963
1 5 0 4 903 2633 94 3545
2 20 0 4 792 5459 128 6275
3 21 0 19 886 4092 166 5018
4 29 0 2 950 4676 122 5657
5 30 0 4 849 4147 117 5030
6 31 0 4 901 4340 190 5276
7 31 0 4 945 3323 82 4303
8 31 0 1 892 3737 322 4661
9 31 0 7 752 3030 109 3820
10 32 0 4 768 3229 125 4033
11 33 0 2 809 3062 92 3906
12 34 1 3 1023 3550 62 4611
13 35 0 3 882 2612 134 3532
14 35 0 1 0 4713 109 4749
15 35 0 2 1034 2716 60 3787
16 40 0 2 777 3008 57 3827
17 43 0 1 0 2650 81 2694
18 44 0 2 857 4162 72 5065
19 46 0 14 878 4759 150 5697
20 47 0 3 973 4634 80 5657
21 48 1 3 901 4228 80 5181
22 49 0 12 1094 3214 153 4369
23 50 0 2 864 4237 1229 5153
24 51 0 3 854 5214 152 6122
25 53 0 1 866 3191 122 4111
26 53 0 4 892 3101 242 4050
27 53 1 10 827 4726 132 5617
28 53 0 14 1065 4692 106 5824
29 58 0 2 747 3022 92 3829
30 62 1 15 841 3986 300 4905
31 70 0 13 848 2631 57 3562
32 2847 0 3 169 773 92 3792
33 3668 0 4 60 680 275 4412
34 3706 0 9 74 610 102 4399
35 3726 0 16 53 721 274 4516
36 3904 0 10 91 642 96 4647
37 3961 0 10 209 675 162 4855
38 3969 0 0 0 773 81 4742
39 3981 0 10 146 890 446 5027
40 4022 0 10 59 670 161 4761
41 4058 0 10 359 733 95 5160
42 4214 0 10 72 779 61 5075
43 4296 0 1 55 1274 112 5626
44 4333 0 9 118 1059 188 5519
45 4443 0 10 95 992 135 5540
46 4458 1 9 68 615 67 5151
47 4551 0 2 54 873 460 5480
48 4576 0 10 59 772 86 5417
49 4770 0 9 95 1106 111 5980
50 4799 0 1 84 811 369 5695
51 4842 0 1 90 789 476 5722
52 4898 0 4 0 994 389 5896
53 4923 1 11 119 1081 157 6135
54 4983 0 1 66 866 863 5916
55 5042 1 10 53 1141 159 6247
56 5088 0 1 89 874 397 6052
57 5123 0 1 80 873 415 6077
58 5181 0 10 95 1149 236 6435
59 5196 0 1 111 978 562 6286
60 5225 0 1 46 1381 346 6653
61 5247 0 9 44 1089 130 6389
62 5292 0 15 102 1049 236 6458
63 5301 0 1 53 787 438 6142
64 5303 0 1 40 1134 164 6478
65 5312 0 9 128 849 366 6298
66 5491 0 10 1088 2689 58 9278
67 5532 0 2 79 1071 123 6684
68 5554 0 17 103 931 520 6605
69 5726 0 1 67 1096 731 6890
70 5777 0 9 78 1095 103 6959
71 5787 1 17 70 1113 177 6988
72 5799 0 10 45 1289 525 7143
73 5819 0 10 134 1055 117 7018
74 5916 0 17 91 1173 542 7197
75 5982 0 10 313 1271 223 7576
76 6047 0 15 757 2629 30 9448
77 6121 0 1 979 2690 53 9791
78 6179 0 14 393 1217 762 7803
79 6235 0 2 136 1117 132 7490
80 6246 0 10 1003 3142 27 10401
81 6334 1 1 1152 2649 140 10137
82 6347 0 1 66 1045 448 7459
83 6433 0 1 82 1118 160 7634
84 6487 0 10 83 1163 143 7743
85 6522 0 1 740 2656 39 9919
86 6523 0 0 881 2650 69 10054
87 6549 0 0 41 1153 109 7743
88 6564 0 1 58 1140 527 7763
89 6639 0 1 965 2543 88 10148
90 6709 0 2 123 1101 788 7935
91 6713 0 1 1274 3304 108 11292
92 6718 0 1 40 1188 426 7947
93 6730 1 1 102 1204 557 8038
94 6833 0 14 759 2641 41 10247
95 6888 0 1 844 3441 526 11174
96 7047 0 1 42 1380 429 8470
97 7128 0 16 82 1188 702 8414
98 7187 0 1 40 1122 534 8350
99 7265 0 1 92 1128 632 8486
100 7611 0 1 841 2667 37 11120
101 7662 0 1 70 1136 346 8869
102 7676 0 1 742 3514 75 11933
103 7729 1 0 758 3841 49 12329
104 7810 0 2 743 3674 99 12229
105 7846 0 1 92 1115 562 9054
106 7849 0 1 277 1324 561 9451
107 7968 0 13 951 3352 75 12284
108 8001 0 1 44 1178 564 9224
109 8229 0 1 83 1174 662 9487
110 8336 0 1 964 3575 29 12876
111 8412 0 1 764 3769 132 12946
112 8648 0 2 1152 3356 208 13158
113 8767 0 1 1022 3478 121 13268
114 8932 1 8 1179 4104 106 14224
115 8949 0 1 918 4856 698 14724
116 9158 0 1 1223 4457 100 14839
117 9164 0 1 971 3610 76 13746
118 9371 0 2 1123 4249 86 14745
119 9461 0 1 1167 3603 51 14232
120 9656 0 1 1093 3869 103 14619
121 9832 0 1 739 3836 74 14408
122 10068 0 1 849 4475 82 15393
123 10191 0 10 1452 4361 133 16014
124 12029 0 2 454 2222 588 14707
125 15330 0 1 206 2422 468 17959
126 15518 1 0 194 3952 433 19665
127 18484 0 12 884 2898 948 22278
128 20155 0 11 762 4047 442 24975
129 23288 0 1 0 2919 471 26208
130 25467 0 11 806 4022 444 30306
131 26744 0 0 0 2900 852 29644
132 30849 0 12 865 3928 578 35654
133 31933 0 0 0 2908 728 34841
134 35632 0 0 0 2941 545 38573
135 36292 0 13 1140 3976 551 41421
136 39178 0 1 0 2886 358 42065
137 42088 0 13 1278 3885 471 47264
138 42502 1 9 931 2413 360 45856
139 46251 0 14 764 3041 640 50070
140 47787 0 12 784 3844 567 52427
141 50798 0 12 824 3628 486 55262
142 53077 0 13 927 3835 501 57852
143 55806 0 21 891 3822 459 60540
144 58420 0 13 760 3870 551 63063
145 61062 0 12 919 3883 587 65876
146 63677 0 13 765 3841 360 68296
147 66591 0 3 827 3475 201 70896
148 68710 0 13 795 3686 566 73204
149 73848 0 3 1013 3069 506 77933
150 78507 0 14 1244 3632 423 83397
151 83927 1 12 795 3312 90 88047
